0.042534722222222224 0.024479166666666666 0.042708333333333334 0.05173611111111111 0.0171875 0.017534722222222222 0.025694444444444443 0.06458333333333334 0.03680555555555556 0.07621527777777778 0.29913194444444446 0.06631944444444444 0.03194444444444444 0.03333333333333333 0.16979166666666667
0.05434027777777778 0.0920138888888889 0.05347222222222222 0.03229166666666667 0.11753472222222222 0.05451388888888889 0.041493055555555554 0.058159722222222224 0.07586805555555555 0.0359375 0.03194444444444444 0.024652777777777777 0.06527777777777778 0.2361111111111111 0.02638888888888889
0.1484330484330483 0.03846153846153841 0.032478632478632426 0.04387464387464383 0.04928774928774923 0.04102564102564097 0.07065527065527057 0.13846153846153827 0.034757834757834706 0.06125356125356121 0.16182336182336157 0.043019943019942976 0.04928774928774923 0.04017094017094012 0.04700854700854696
0.05763888888888889 0.1111111111111111 0.07673611111111112 0.03958333333333333 0.04097222222222222 0.043055555555555555 0.07291666666666667 0.06944444444444445 0.06111111111111111 0.04097222222222222 0.04513888888888889 0.12569444444444444 0.06041666666666667 0.050694444444444445 0.10451388888888889
0.045124716553287966 0.034013605442176846 0.045351473922902445 0.09160997732426306 0.05623582766439908 0.0276643990929705 0.054195011337868484 0.2312925170068027 0.08117913832199543 0.04013605442176869 0.04013605442176867 0.02471655328798187 0.10566893424036276 0.03809523809523807 0.08458049886621316
0.008465608465608473 0.009221466364323513 0.008692365835222983 0.7894179894179891 0.0107331821617536 0.007029478458049892 0.009977324263038555 0.009750566893424044 0.009750566893424044 0.013529856386999254 0.009448223733938027 0.08480725623582773 0.008994708994709001 0.01239606953892669 0.007785336356764935
0.02377538829151731 0.05675029868578252 0.05113500597371561 0.05280764635603342 0.020669056152927107 0.029390681003584208 0.029390681003584208 0.08100358422939062 0.04480286738351252 0.40740740740740733 0.08554360812425323 0.04277180406212661 0.02126642771804061 0.021266427718040607 0.03201911589008361
0.02689511941848387 0.012461059190031144 0.0923156801661474 0.02866043613707162 0.01630321910695741 0.010695742471443406 0.012668743509864997 0.012461059190031144 0.016095534787123552 0.12762201453790237 0.011526479750778812 0.07715472481827626 0.017237798546209743 0.5214953271028039 0.016407061266874322
0.04529914529914528 0.04957264957264952 0.04230769230769227 0.05512820512820508 0.040598290598290565 0.05555555555555554 0.051709401709401664 0.16794871794871774 0.05512820512820509 0.06282051282051274 0.04829059829059826 0.04401709401709398 0.0649572649572649 0.048717948717948656 0.1679487179487178
0.0912037037037037 0.054166666666666675 0.04768518518518515 0.050925925925925895 0.048148148148148134 0.049537037037037 0.10277777777777782 0.05370370370370372 0.08009259259259258 0.08888888888888893 0.0578703703703704 0.04675925925925921 0.09074074074074076 0.05231481481481479 0.0851851851851852
0.08311111111111116 0.06666666666666671 0.044888888888888916 0.0466666666666667 0.08622222222222228 0.1493333333333333 0.06488888888888893 0.05200000000000004 0.0466666666666667 0.05200000000000004 0.0635555555555556 0.04888888888888892 0.07466666666666673 0.0506666666666667 0.06977777777777781
0.04472222222222217 0.03249999999999996 0.2677777777777777 0.05277777777777777 0.027777777777777735 0.04833333333333331 0.06444444444444446 0.04249999999999997 0.03194444444444439 0.038888888888888834 0.03222222222222217 0.0344444444444444 0.15777777777777774 0.06027777777777775 0.06361111111111112
0.045161290322580615 0.06093189964157702 0.03691756272401431 0.03512544802867381 0.09175627240143364 0.2996415770609321 0.04265232974910391 0.03512544802867381 0.051971326164874515 0.07275985663082432 0.05412186379928312 0.035842293906810006 0.050896057347670214 0.045161290322580615 0.04193548387096771
0.0578125 0.049262152777777776 0.06545138888888889 0.028255208333333334 0.019314236111111112 0.04596354166666667 0.09461805555555555 0.05260416666666667 0.020789930555555555 0.024348958333333334 0.09292534722222222 0.0609375 0.09227430555555556 0.06228298611111111 0.23315972222222223
0.03721682847896439 0.03818770226537216 0.04983818770226538 0.07918015102481127 0.03581445523193095 0.01467098166127292 0.03419633225458467 0.3032362459546926 0.0203883495145631 0.12006472491909394 0.0233009708737864 0.09687162891046393 0.04056094929881336 0.03754045307443365 0.06893203883495154
0.2455555555555556 0.03592592592592592 0.04592592592592595 0.0362962962962963 0.054444444444444406 0.12777777777777768 0.0751851851851851 0.04333333333333332 0.05407407407407408 0.0462962962962963 0.04259259259259258 0.0462962962962963 0.048888888888888864 0.04555555555555552 0.051851851851851816
0.07009803921568622 0.042156862745097994 0.03186274509803919 0.07581699346405223 0.0988562091503267 0.030882352941176434 0.03627450980392152 0.08856209150326788 0.0782679738562091 0.0589869281045751 0.0980392156862745 0.04215686274509797 0.119281045751634 0.03055555555555552 0.09820261437908497
0.0888888888888888 0.053276353276353224 0.033903133903133854 0.12279202279202263 0.054415954415954364 0.044729344729344686 0.10284900284900272 0.05441595441595438 0.0367521367521367 0.0971509971509971 0.04330484330484325 0.031054131054131007 0.16182336182336157 0.039031339031338985 0.035612535612535565
0.1102777777777779 0.07055555555555557 0.07361111111111109 0.04666666666666665 0.055555555555555546 0.04222222222222217 0.11666666666666668 0.04527777777777772 0.065 0.029722222222222174 0.04249999999999996 0.03416666666666663 0.17305555555555555 0.05333333333333335 0.04138888888888884
0.02395264116575591 0.031056466302367917 0.06475409836065575 0.03561020036429873 0.2546448087431695 0.0122040072859745 0.01739526411657558 0.011475409836065582 0.11958105646630235 0.13542805100182143 0.05400728597449911 0.03360655737704917 0.019398907103825126 0.154735883424408 0.03214936247723132
0.059130434782608716 0.05043478260869565 0.018067632850241523 0.1346859903381643 0.05159420289855071 0.013043478260869544 0.05671497584541061 0.041932367149758426 0.04270531400966181 0.29487922705313996 0.03400966183574876 0.04492753623188406 0.041159420289855045 0.03304347826086954 0.08367149758454108
0.020657276995305143 0.02676056338028167 0.0303599374021909 0.08920187793427231 0.01830985915492956 0.03489827856025036 0.034585289514866946 0.11940532081377153 0.041314553990610285 0.11674491392801264 0.02519561815336461 0.16948356807511733 0.06009389671361503 0.07339593114241003 0.1395931142410016
0.10531400966183574 0.05603864734299526 0.04830917874396144 0.04830917874396143 0.045893719806763364 0.04444444444444452 0.0903381642512078 0.07391304347826097 0.0434782608695653 0.056521739130434887 0.14927536231884067 0.044444444444444516 0.08985507246376824 0.046859903381642594 0.05700483091787447
0.07333333333333322 0.05206349206349198 0.1777777777777775 0.036190476190476134 0.09460317460317448 0.08507936507936495 0.07936507936507929 0.03142857142857137 0.04190476190476185 0.04476190476190469 0.03492063492063486 0.03142857142857137 0.08317460317460311 0.07174603174603161 0.06222222222222214
0.05987654320987645 0.05401234567901228 0.05154320987654316 0.06790123456790115 0.03765432098765425 0.15679012345679008 0.05092592592592588 0.03981481481481475 0.12067901234567893 0.04938271604938266 0.04629629629629623 0.045679012345678956 0.09228395061728392 0.052160493827160426 0.07499999999999993
0.00808767951625095 0.008919123204837495 0.008314436885865462 0.7928193499622073 0.010959939531368111 0.006953892668178387 0.00876795162509449 0.009145880574452009 0.0107331821617536 0.011942554799697665 0.010733182161753597 0.08382464096749816 0.00861678004535148 0.012471655328798195 0.0077097505668934285
0.11039426523297487 0.03870967741935481 0.2548387096774194 0.04731182795698922 0.05519713261648741 0.058781362007168415 0.04874551971326162 0.03835125448028671 0.04982078853046591 0.05376344086021501 0.03870967741935481 0.03835125448028671 0.058781362007168415 0.054838709677419314 0.053405017921146915
0.06908212560386486 0.05217391304347834 0.05362318840579719 0.05942028985507253 0.09275362318840587 0.16376811594202906 0.05362318840579718 0.05265700483091795 0.05603864734299527 0.052173913043478355 0.05507246376811604 0.07004830917874402 0.06038647342995178 0.05265700483091797 0.056521739130434887
0.05611111111111102 0.05333333333333324 0.05777777777777769 0.059999999999999915 0.056666666666666574 0.06055555555555547 0.08555555555555544 0.05666666666666658 0.05611111111111102 0.056666666666666594 0.05777777777777769 0.058333333333333244 0.059999999999999915 0.16333333333333336 0.06111111111111101
0.04975845410628023 0.06787439613526569 0.0635265700483092 0.031884057971014526 0.0770531400966184 0.028502415458937246 0.0497584541062802 0.09227053140096617 0.06062801932367153 0.1285024154589372 0.05507246376811595 0.027536231884058005 0.10821256038647345 0.08260869565217391 0.07681159420289856
0.033827160493827106 0.029135802469135764 0.3733333333333328 0.06790123456790118 0.040740740740740716 0.027654320987654288 0.03358024691358022 0.029135802469135774 0.040246913580246874 0.07901234567901225 0.0241975308641975 0.034074074074074034 0.09530864197530858 0.059999999999999956 0.031851851851851826
0.0700209643605871 0.027672955974842806 0.09790356394129983 0.0662473794549267 0.054926624737945566 0.027672955974842792 0.06729559748427681 0.07987421383647808 0.036058700209643656 0.033123689727463365 0.034381551362683484 0.02809224318658284 0.0622641509433963 0.20859538784067091 0.10587002096436066
0.11759259259259258 0.06388888888888888 0.05416666666666669 0.07361111111111109 0.07361111111111111 0.11990740740740734 0.07268518518518516 0.05879629629629629 0.05370370370370371 0.045370370370370325 0.05138888888888884 0.044444444444444384 0.06990740740740745 0.05601851851851851 0.04490740740740736
0.05151515151515154 0.058080808080808115 0.04747474747474746 0.05252525252525256 0.08686868686868685 0.045454545454545435 0.15000000000000002 0.04848484848484849 0.0727272727272728 0.04696969696969696 0.09090909090909097 0.04646464646464645 0.05000000000000001 0.04646464646464645 0.10606060606060616
0.07412935323383088 0.041625207296849084 0.10746268656716415 0.029684908789386396 0.15041459369817584 0.028026533996683256 0.06318407960199006 0.06351575456053063 0.08540630182421229 0.07114427860696518 0.06053067993366495 0.0217247097844113 0.048756218905472624 0.05887230514096186 0.0955223880597015
0.058222222222222265 0.05511111111111115 0.08177777777777784 0.06622222222222227 0.048000000000000036 0.0466666666666667 0.058222222222222265 0.1342222222222222 0.07466666666666671 0.05155555555555559 0.09511111111111113 0.0626666666666667 0.07111111111111117 0.04755555555555559 0.04888888888888892
0.10453514739229022 0.035827664399092934 0.03265306122448977 0.035600907029478435 0.02857142857142854 0.1430839002267574 0.1380952380952381 0.03809523809523807 0.034013605442176846 0.033333333333333305 0.0439909297052154 0.08616780045351476 0.1022675736961451 0.08458049886621316 0.05918367346938772
0.04215686274509799 0.07516339869281037 0.0888888888888888 0.10130718954248352 0.09771241830065348 0.043464052287581614 0.04575163398692804 0.07385620915032669 0.08169934640522866 0.07941176470588228 0.08071895424836589 0.038235294117646985 0.04477124183006529 0.06111111111111104 0.04575163398692803
0.1209401709401708 0.06367521367521362 0.04786324786324783 0.0508547008547008 0.05299145299145297 0.12008547008546991 0.048717948717948684 0.05769230769230765 0.14444444444444426 0.04615384615384613 0.05299145299145293 0.041880341880341836 0.06239316239316235 0.04529914529914526 0.044017094017093986
0.044444444444444446 0.03993055555555555 0.052083333333333336 0.042708333333333334 0.17152777777777778 0.1763888888888889 0.08125 0.03888888888888889 0.050347222222222224 0.041666666666666664 0.03576388888888889 0.0375 0.06770833333333333 0.06388888888888888 0.05590277777777778
0.08088888888888894 0.07866666666666672 0.044444444444444474 0.05288888888888892 0.04400000000000003 0.13288888888888878 0.09066666666666669 0.06177777777777781 0.09244444444444448 0.061333333333333365 0.07777777777777782 0.05022222222222226 0.04355555555555558 0.046222222222222255 0.04222222222222225
0.036182336182336135 0.041452991452991424 0.0735042735042734 0.061965811965811905 0.01524216524216522 0.015954415954415928 0.04943019943019939 0.24159544159544158 0.046723646723646685 0.1132478632478631 0.039031339031339 0.05512820512820505 0.05227920227920222 0.06196581196581193 0.09629629629629621
0.05227686703096533 0.04116575591985425 0.029872495446265912 0.0959927140255009 0.11074681238615665 0.0699453551912568 0.03989071038251363 0.08834244080145721 0.10728597449908922 0.07832422586520944 0.04899817850637518 0.08306010928961752 0.0837887067395264 0.04590163934426228 0.024408014571949004
0.04636015325670492 0.04444444444444441 0.04367816091954018 0.09501915708812268 0.03946360153256702 0.11187739463601552 0.04712643678160915 0.24367816091954025 0.04942528735632177 0.04789272030651338 0.04865900383141757 0.0386973180076628 0.05785440613026817 0.03946360153256704 0.046360153256704936
0.02210144927536234 0.02681159420289856 0.0393719806763285 0.020652173913043505 0.05712560386473429 0.016062801932367175 0.030797101449275367 0.022463768115942046 0.4456521739130435 0.02101449275362321 0.058574879227053116 0.15869565217391304 0.01461352657004833 0.039734299516908225 0.02632850241545896
0.05042735042735039 0.061111111111111054 0.06410256410256406 0.0397435897435897 0.04102564102564099 0.042307692307692255 0.07222222222222213 0.2602564102564102 0.0444444444444444 0.051709401709401685 0.04999999999999998 0.05085470085470082 0.049572649572649514 0.04316239316239312 0.07905982905982897
0.15074074074074056 0.05555555555555555 0.10185185185185183 0.043703703703703696 0.03703703703703702 0.1066666666666666 0.05555555555555548 0.11888888888888881 0.04185185185185185 0.04037037037037037 0.04296296296296296 0.03518518518518517 0.05222222222222223 0.04 0.07740740740740736
0.07300653594771232 0.024052287581699326 0.07888888888888884 0.03287581699346402 0.030915032679738535 0.0688888888888888 0.10071895424836597 0.032614379084967296 0.029150326797385596 0.03346405228758166 0.026405228758169905 0.05071895424836596 0.1828104575163397 0.06699346405228757 0.16849673202614357
0.09018518518518512 0.06351851851851849 0.2648148148148147 0.02944444444444444 0.06592592592592586 0.09740740740740733 0.07240740740740735 0.03925925925925925 0.037407407407407375 0.02814814814814813 0.04962962962962962 0.022407407407407407 0.048518518518518496 0.041111111111111105 0.049814814814814784
0.08287037037037051 0.059259259259259275 0.05370370370370367 0.04537037037037031 0.04629629629629628 0.045370370370370325 0.15648148148148144 0.12500000000000003 0.06851851851851855 0.04814814814814813 0.056944444444444416 0.04722222222222218 0.06203703703703704 0.0472222222222222 0.05555555555555555
0.04949494949494951 0.05000000000000002 0.04747474747474746 0.05000000000000002 0.1257575757575759 0.04848484848484849 0.058585858585858616 0.07121212121212123 0.12373737373737388 0.08080808080808088 0.05000000000000002 0.056565656565656625 0.0661616161616162 0.054545454545454564 0.0671717171717172
0.09586563307493551 0.062273901808785594 0.06330749354005175 0.06744186046511635 0.03307493540051683 0.035917312661498745 0.07751937984496131 0.1496124031007754 0.04263565891472872 0.03462532299741606 0.04625322997416025 0.03436692506459951 0.08165374677002593 0.07260981912144711 0.10284237726098201
0.04596949891067536 0.08649237472766874 0.030501089324618712 0.038562091503267934 0.03311546840958603 0.023529411764705858 0.03638344226579516 0.05882352941176464 0.19455337690631785 0.08344226579520689 0.09999999999999988 0.0755991285403049 0.06732026143790841 0.032026143790849636 0.0936819172113289
0.10065359477124172 0.042047930283224365 0.05381263616557728 0.04335511982570803 0.0296296296296296 0.05337690631808273 0.054466230936819134 0.04400871459694986 0.040522875816993445 0.08562091503267961 0.0250544662309368 0.029847494553376885 0.2795206971677557 0.03812636165577338 0.0799564270152505
0.0647509578544061 0.06321839080459767 0.1597701149425288 0.03869731800766279 0.07969348659003829 0.10114942528735636 0.04597701149425282 0.06704980842911873 0.057471264367816056 0.06168582375478923 0.07969348659003826 0.0390804597701149 0.04137931034482754 0.05249042145593867 0.047892720306513356
0.03174603174603173 0.08798185941043081 0.03537414965986393 0.09818594104308394 0.05804988662131515 0.028117913832199543 0.07687074829931971 0.08707482993197281 0.10362811791383221 0.06893424036281177 0.08911564625850339 0.04512471655328794 0.04875283446712013 0.09433106575963711 0.04671201814058953
0.035555555555555486 0.0242424242424242 0.4404040404040405 0.04686868686868684 0.024444444444444408 0.030101010101010055 0.03838383838383833 0.02606060606060601 0.04868686868686867 0.039393939393939356 0.0242424242424242 0.027878787878787833 0.05555555555555554 0.09919191919191914 0.038989898989898936
0.04793028322440082 0.035294117647058795 0.06361655773420473 0.0444444444444444 0.0435729847494553 0.10893246187363824 0.04793028322440083 0.0636165577342047 0.28039215686274477 0.028976034858387772 0.02440087145969496 0.0755991285403049 0.049891067538126305 0.044662309368191704 0.04074074074074071
0.059941520467836205 0.05233918128654968 0.07719298245614027 0.14766081871345027 0.1280701754385965 0.06608187134502921 0.057309941520467804 0.04035087719298246 0.03713450292397659 0.04824561403508772 0.03713450292397656 0.10935672514619886 0.052046783625730966 0.04678362573099412 0.04035087719298246
0.04465811965811961 0.028205128205128178 0.06773504273504267 0.0461538461538461 0.028846153846153823 0.025427350427350406 0.03397435897435895 0.04316239316239312 0.058547008547008506 0.024572649572649548 0.1767094017094017 0.1284188034188035 0.029914529914529888 0.028205128205128174 0.2354700854700854
0.06012058570198111 0.01266149870801035 0.0493540051679587 0.04427217915590013 0.0223944875107666 0.03746770025839797 0.03143841515934542 0.032299741602067215 0.023600344530577105 0.1968130921619295 0.023772609819121465 0.0681309216192938 0.09440137812230846 0.2749354005167958 0.028337639965546974
0.010659439927732616 0.028997289972899735 0.00912375790424572 0.016440831074977423 0.00966576332429992 0.008581752484191518 0.015718157181571817 0.6465221318879851 0.035772357723577244 0.014543812104787718 0.1575429087624209 0.01156278229448962 0.012375790424570913 0.010659439927732616 0.011833785004516716
0.05267489711934154 0.03271604938271605 0.028189300411522664 0.04938271604938272 0.09506172839506169 0.02818930041152266 0.07037037037037033 0.06172839506172839 0.04094650205761318 0.13086419753086417 0.02818930041152268 0.12633744855967077 0.04629629629629629 0.16728395061728396 0.041769547325102886
0.15591397849462377 0.041218637992831514 0.05125448028673832 0.03942652329749101 0.058781362007168415 0.04408602150537631 0.09247311827956985 0.15985663082437285 0.07992831541218631 0.046594982078853014 0.051971326164874515 0.035842293906810006 0.05555555555555552 0.042652329749103914 0.04444444444444441
0.1314176245210728 0.08927203065134101 0.04176245210727965 0.04674329501915705 0.03639846743295015 0.035632183908045935 0.049808429118773916 0.117624521072797 0.07241379310344825 0.0498084291187739 0.14252873563218393 0.038697318007662795 0.0440613026819923 0.06513409961685816 0.038697318007662795
0.020285423037716594 0.05718654434250765 0.03465851172273192 0.07155963302752293 0.018042813455657475 0.013047910295616706 0.027726809378185533 0.17614678899082564 0.03720693170234455 0.2840978593272172 0.14760448521916414 0.02191641182466868 0.042405708460754345 0.01885830784913353 0.029255861365953102
0.13955555555555557 0.045333333333333364 0.056444444444444485 0.05022222222222226 0.0417777777777778 0.0417777777777778 0.052444444444444474 0.044888888888888916 0.19777777777777766 0.06400000000000004 0.06533333333333338 0.04755555555555559 0.05333333333333337 0.047111111111111145 0.05244444444444448
0.03888888888888889 0.04791666666666667 0.03715277777777778 0.09479166666666666 0.03923611111111111 0.03715277777777778 0.05659722222222222 0.05763888888888889 0.13402777777777777 0.1267361111111111 0.04027777777777778 0.03958333333333333 0.05277777777777778 0.041666666666666664 0.15555555555555556
0.031813865147198445 0.04938271604938267 0.016904083570750225 0.02630579297245961 0.03941120607787271 0.023076923076923068 0.02867996201329533 0.03903133903133902 0.021557454890788218 0.017094017094017082 0.5105413105413106 0.01139601139601139 0.03713200379867043 0.10009496676163326 0.047578347578347537
0.05105105105105112 0.03993993993993998 0.21051051051051062 0.042042042042042045 0.09429429429429421 0.03393393393393395 0.060960960960961014 0.1027027027027027 0.04594594594594595 0.0687687687687688 0.03333333333333335 0.03363363363363365 0.07507507507507505 0.052852852852852863 0.054954954954955
0.07573696145124717 0.030385487528344652 0.02993197278911562 0.07437641723356006 0.05510204081632646 0.024943310657596366 0.030158730158730156 0.03628117913832197 0.44897959183673475 0.052607709750566875 0.02879818594104306 0.025623582766439897 0.03219954648526075 0.02789115646258502 0.026984126984126968
0.04006734006734004 0.03703703703703701 0.034343434343434315 0.056565656565656534 0.03872053872053869 0.03501683501683499 0.08888888888888882 0.11784511784511789 0.0885521885521885 0.13232323232323245 0.04848484848484845 0.036363636363636334 0.04478114478114475 0.07474747474747469 0.12626262626262627
0.05882352941176457 0.05882352941176457 0.11372549019607818 0.06078431372549007 0.05882352941176457 0.05882352941176457 0.07189542483660118 0.05882352941176457 0.060784313725490056 0.07320261437908483 0.06339869281045737 0.06013071895424824 0.06928104575163385 0.0594771241830064 0.07320261437908482
0.08976608187134488 0.0415204678362573 0.044444444444444446 0.0330409356725146 0.2540935672514619 0.09824561403508775 0.056432748538011654 0.042982456140350886 0.05730994152046782 0.037719298245614 0.046198830409356725 0.030409356725146174 0.09298245614035086 0.042105263157894736 0.0327485380116959
0.04838709677419351 0.03799283154121861 0.04731182795698922 0.04336917562724011 0.03333333333333331 0.17096774193548397 0.06774193548387092 0.061648745519713215 0.04336917562724012 0.04265232974910391 0.21469534050179226 0.03691756272401431 0.04480286738351252 0.039426523297491016 0.06738351254480282
0.08553791887125216 0.08095238095238085 0.06102292768959427 0.028924162257495552 0.1396825396825395 0.049735449735449674 0.034920634920634894 0.032980599647266275 0.08218694885361547 0.1777777777777775 0.04691358024691352 0.02151675485008815 0.051322751322751256 0.06014109347442677 0.04638447971781302
0.061695906432748485 0.10672514619883039 0.03976608187134501 0.09385964912280705 0.08391812865497071 0.04678362573099413 0.05847953216374265 0.04502923976608187 0.08070175438596484 0.05584795321637425 0.06666666666666658 0.04035087719298245 0.05438596491228067 0.1222222222222222 0.043567251461988296
0.06552706552706543 0.02962962962962958 0.02877492877492873 0.04871794871794864 0.02877492877492873 0.035897435897435846 0.22079772079772056 0.04558404558404554 0.03504273504273498 0.045868945868945805 0.08490028490028477 0.09743589743589728 0.07521367521367514 0.029344729344729294 0.12849002849002836
0.04657210401891257 0.027659574468085098 0.133096926713948 0.07399527186761226 0.1 0.029787234042553203 0.07517730496453898 0.039479905437352254 0.07517730496453899 0.0851063829787234 0.02836879432624114 0.027423167848699748 0.10449172576832151 0.11394799054373521 0.039716312056737604
0.04650630011454752 0.04066437571592209 0.15899198167239387 0.03757159221076743 0.05544100801832757 0.0646048109965635 0.02668957617411224 0.02416953035509734 0.05521191294387165 0.07216494845360821 0.10664375715922098 0.22130584192439828 0.037227949599083605 0.024971363115692993 0.027835051546391727
0.017658730158730134 0.04325396825396827 0.1834325396825397 0.042261904761904764 0.014186507936507926 0.04007936507936507 0.03442460317460319 0.04533730158730158 0.019345238095238085 0.3817460317460318 0.04037698412698412 0.01884920634920633 0.05476190476190475 0.04265873015873019 0.021626984126984113
0.04468599033816429 0.033816425120772986 0.04033816425120778 0.03429951690821261 0.11642512077294688 0.0342995169082126 0.036714975845410676 0.037198067632850294 0.3294685990338165 0.029468599033816482 0.04154589371980681 0.09975845410628016 0.04275362318840583 0.03550724637681164 0.04371980676328506
0.12804232804232796 0.048677248677248604 0.05291005291005284 0.06719576719576711 0.09365079365079361 0.04920634920634914 0.06825396825396816 0.058201058201058115 0.06455026455026446 0.06349206349206339 0.05185185185185177 0.04973544973544967 0.0846560846560846 0.05502645502645494 0.06455026455026446
0.16038647342995174 0.04927536231884065 0.07198067632850251 0.04830917874396143 0.052173913043478355 0.097584541062802 0.10096618357487931 0.05265700483091795 0.0507246376811595 0.05217391304347834 0.053140096618357544 0.050724637681159486 0.047826086956521824 0.058937198067632944 0.053140096618357585
0.07890137328339576 0.03545568039950062 0.14394506866416973 0.12734082397003754 0.024968789013732832 0.025093632958801522 0.03395755305867664 0.020973782771535606 0.2158551810237204 0.02247191011235957 0.027215980024968802 0.10848938826466917 0.048938826466916344 0.04993757802746569 0.03645443196004996
0.03879472693032011 0.043314500941619545 0.11073446327683611 0.10263653483992462 0.10489642184557428 0.033333333333333305 0.05668549905838034 0.02843691148775891 0.07457627118644061 0.11920903954802256 0.12975517890772126 0.026177024482109193 0.028248587570621445 0.04406779661016944 0.05913370998116754
0.057189542483660046 0.048039215686274436 0.03660130718954241 0.11503267973856196 0.03300653594771236 0.03496732026143785 0.048366013071895364 0.040522875816993396 0.23267973856209145 0.04542483660130712 0.09444444444444434 0.04444444444444437 0.06013071895424829 0.05163398692810451 0.05751633986928099
0.038271604938271545 0.042283950617283884 0.04382716049382709 0.037654320987654255 0.08672839506172833 0.03148148148148142 0.038271604938271545 0.21543209876543215 0.07222222222222216 0.05987654320987648 0.05339506172839499 0.0416666666666666 0.041666666666666595 0.07530864197530857 0.12191358024691351
0.13618233618233605 0.03076923076923073 0.032763532763532714 0.03504273504273498 0.11310541310541292 0.09629629629629619 0.03219373219373214 0.15498575498575476 0.036182336182336135 0.03076923076923071 0.033048433048433 0.029344729344729294 0.0809116809116808 0.0769230769230768 0.08148148148148139
0.044252873563218394 0.042720306513409925 0.029118773946360137 0.1159003831417625 0.02701149425287352 0.02298850574712642 0.1745210727969349 0.0691570881226054 0.09789272030651347 0.08946360153256708 0.14501915708812263 0.023563218390804573 0.03141762452107278 0.04597701149425286 0.040996168582375474
0.16323232323232326 0.04767676767676764 0.04101010101010097 0.031111111111111055 0.034141414141414084 0.03434343434343428 0.07696969696969694 0.06040404040404038 0.042626262626262595 0.10383838383838384 0.035151515151515114 0.09757575757575751 0.026666666666666616 0.05696969696969692 0.14828282828282835
0.07981340118744697 0.04457167090754877 0.016030534351145036 0.044402035623409664 0.061407972858354525 0.0412637828668363 0.19134860050890587 0.020525869380831212 0.017854113655640366 0.015648854961832052 0.06569126378286687 0.10996607294317216 0.08731976251060218 0.18354537743850724 0.020610687022900753
0.02724637681159416 0.041062801932367145 0.06280193236714979 0.08637681159420289 0.04647342995169083 0.01826086956521737 0.09024154589371981 0.02685990338164249 0.24570048309178744 0.03111111111111109 0.11072463768115945 0.017584541062801915 0.12927536231884063 0.034396135265700456 0.031884057971014464
0.036440677966101655 0.054331450094161945 0.15715630885122406 0.042090395480225945 0.022316384180790936 0.041619585687382235 0.03380414312617699 0.04726930320150655 0.02316384180790959 0.20357815442561203 0.13418079096045193 0.01563088512241053 0.03822975517890769 0.08700564971751412 0.06318267419962338
0.06550925925925927 0.05601851851851853 0.05995370370370374 0.02523148148148146 0.024074074074074053 0.027314814814814823 0.20810185185185187 0.13240740740740742 0.026851851851851856 0.04259259259259261 0.05810185185185183 0.08194444444444444 0.04699074074074077 0.039120370370370375 0.105787037037037
0.09710144927536246 0.05458937198067641 0.05072463768115951 0.05072463768115951 0.04492753623188414 0.046859903381642594 0.05748792270531409 0.21594202898550716 0.04879227053140105 0.04589371980676337 0.04975845410628026 0.04444444444444452 0.09468599033816427 0.04830917874396142 0.049758454106280284
0.04629629629629627 0.02345679012345676 0.03194444444444441 0.048148148148148114 0.024999999999999974 0.022376543209876504 0.11064814814814822 0.07314814814814817 0.4060185185185184 0.038117283950617246 0.025925925925925897 0.030092592592592556 0.045679012345678977 0.04104938271604933 0.032098765432098726
0.10972222222222222 0.05694444444444444 0.04652777777777778 0.05625 0.08020833333333334 0.08680555555555555 0.04652777777777778 0.06354166666666666 0.075 0.04236111111111111 0.03715277777777778 0.04097222222222222 0.07673611111111112 0.13506944444444444 0.04618055555555556
0.07078189300411522 0.025720164609053523 0.045473251028806574 0.06790123456790122 0.04979423868312759 0.051440329218107 0.04259259259259262 0.12427983539094646 0.060905349794238686 0.034567901234567926 0.048765432098765445 0.06481481481481476 0.1164609053497942 0.03621399176954736 0.1602880658436214
0.10990173847316705 0.04678760393046103 0.010959939531368111 0.017762660619803493 0.0234315948601663 0.022600151171579756 0.3037037037037037 0.029402872260015114 0.023507180650037807 0.026984126984126982 0.03567649281934994 0.058654572940287183 0.038699924414210114 0.20755857898715038 0.044368858654572914
0.0777777777777777 0.03428571428571422 0.29999999999999966 0.05682539682539675 0.039047619047618984 0.052063492063491985 0.04730158730158724 0.04666666666666659 0.03904761904761897 0.05746031746031737 0.03523809523809518 0.03492063492063485 0.03999999999999993 0.04063492063492057 0.09873015873015861
0.0490421455938697 0.0593869731800766 0.040996168582375425 0.0498084291187739 0.03678160919540227 0.042145593869731754 0.0693486590038314 0.08735632183908047 0.041762452107279635 0.10114942528735639 0.05172413793103446 0.04865900383141757 0.07203065134099615 0.0701149425287356 0.17969348659003842
0.0588075880758808 0.048780487804878085 0.02981029810298105 0.03468834688346886 0.05121951219512199 0.031165311653116555 0.04200542005420057 0.055826558265582686 0.07940379403794043 0.07723577235772364 0.16422764227642273 0.034688346883468855 0.03197831978319785 0.055284552845528495 0.20487804878048782
0.117562724014337 0.06487455197132612 0.08817204301075263 0.03763440860215051 0.04157706093189961 0.046236559139784916 0.10215053763440858 0.15053763440860224 0.05412186379928312 0.040860215053763416 0.049462365591397814 0.03691756272401431 0.06881720430107521 0.054480286738351216 0.046594982078853014
0.06176470588235284 0.03986928104575156 0.04477124183006528 0.05228758169934633 0.05915032679738553 0.036601307189542416 0.08202614379084956 0.10522875816993454 0.04183006535947706 0.15261437908496717 0.1470588235294115 0.047712418300653515 0.05522875816993457 0.036274509803921516 0.03758169934640516
0.06101364522417155 0.08693957115009747 0.0389863547758285 0.09317738791422998 0.05243664717348931 0.026120857699805097 0.05282651072124758 0.1551656920077972 0.038401559454191075 0.04385964912280705 0.05497076023391815 0.0247563352826511 0.05516569200779727 0.18849902534113053 0.027680311890838243
0.18078078078078075 0.03843843843843847 0.08468468468468464 0.04744744744744749 0.034534534534534554 0.03963963963963965 0.06576576576576577 0.08108108108108106 0.051351351351351375 0.04414414414414418 0.04864864864864869 0.030630630630630637 0.059459459459459484 0.15285285285285286 0.040540540540540564
0.05509259259259256 0.05879629629629629 0.05162037037037036 0.09282407407407409 0.04050925925925927 0.03287037037037038 0.04490740740740743 0.2594907407407407 0.05694444444444446 0.03935185185185185 0.06412037037037038 0.03194444444444445 0.04143518518518519 0.07453703703703704 0.05555555555555554
0.06333333333333331 0.060000000000000005 0.05777777777777777 0.050555555555555555 0.043333333333333314 0.034444444444444396 0.04111111111111107 0.03499999999999996 0.25833333333333347 0.08611111111111108 0.03138888888888885 0.033611111111111064 0.10805555555555561 0.049722222222222195 0.04722222222222219
0.07099236641221378 0.02120441051738761 0.021289228159457156 0.015182357930449529 0.025784563189143336 0.028668363019508064 0.1413910093299407 0.09185750636132314 0.028922815945716718 0.17684478371501275 0.1614079728583545 0.110771840542833 0.01391009329940628 0.06395250212044104 0.027820186598812535
0.06320987654320986 0.03827160493827157 0.3180246913580243 0.0261728395061728 0.04814814814814813 0.028148148148148113 0.03753086419753083 0.05111111111111108 0.029382716049382692 0.03654320987654317 0.03308641975308639 0.1387654320987653 0.026419753086419712 0.029135802469135764 0.09604938271604928
0.09943502824858748 0.047645951035781495 0.02410546139359696 0.04858757062146887 0.10790960451977395 0.060828625235404825 0.09585687382297549 0.044067796610169456 0.07005649717514119 0.04482109227871937 0.04764595103578151 0.030320150659133675 0.10094161958568729 0.10866290018832385 0.06911487758945377
0.14131455399061052 0.023943661971830964 0.05524256651017215 0.04898278560250392 0.09499217527386546 0.028482003129890427 0.02050078247261344 0.09201877934272304 0.02566510172143973 0.02284820031298903 0.01799687010954615 0.016118935837245683 0.3453834115805946 0.021752738654147084 0.044757433489827816
0.133816425120773 0.03236714975845415 0.03188405797101455 0.06618357487922708 0.026328502415458983 0.026328502415458976 0.12536231884057972 0.04855072463768118 0.2391304347826086 0.09082125603864734 0.032367149758454145 0.02777777777777783 0.04178743961352661 0.03429951690821261 0.04299516908212563
0.05203252032520329 0.048780487804878085 0.05663956639566399 0.04471544715447157 0.08292682926829274 0.13414634146341456 0.05420054200542009 0.04281842818428187 0.17913279132791324 0.03197831978319786 0.04200542005420057 0.034417344173441757 0.03848238482384826 0.028455284552845548 0.12926829268292675
0.04747474747474753 0.1323232323232323 0.044444444444444474 0.0292929292929293 0.07196969696969702 0.051515151515151555 0.061363636363636384 0.04368686868686871 0.03787878787878791 0.3007575757575757 0.04141414141414148 0.03080808080808085 0.03964646464646471 0.033838383838383876 0.033585858585858615
0.05095785440613023 0.049042145593869685 0.040613026819923334 0.04521072796934863 0.03601532567049806 0.05593869731800763 0.05593869731800763 0.04521072796934863 0.08582375478927205 0.049042145593869685 0.2509578544061303 0.038314176245210683 0.039463601532567 0.044061302681992306 0.11340996168582382
0.046511627906976785 0.04237726098191218 0.09302325581395357 0.12971576227390197 0.08888888888888896 0.032558139534883755 0.061498708010335974 0.12971576227390194 0.08733850129198976 0.04186046511627911 0.03307493540051683 0.029974160206718378 0.11085271317829468 0.040051679586563346 0.032558139534883755
0.06269841269841266 0.046031746031746014 0.0833333333333333 0.04920634920634918 0.06785714285714281 0.09126984126984122 0.053174603174603124 0.05952380952380948 0.06507936507936501 0.05595238095238092 0.08452380952380949 0.048015873015872984 0.11507936507936506 0.055555555555555504 0.0626984126984127
0.0350877192982456 0.0391812865497076 0.0646198830409356 0.05380116959064323 0.06111111111111106 0.05526315789473683 0.034795321637426886 0.05730994152046782 0.2599415204678362 0.03333333333333332 0.038011695906432746 0.09444444444444439 0.029824561403508767 0.05614035087719291 0.08713450292397659
0.06014492753623188 0.07657004830917877 0.029710144927536257 0.09323671497584542 0.03864734299516915 0.025603864734299563 0.092512077294686 0.06908212560386472 0.06545893719806763 0.04830917874396139 0.1386473429951691 0.07753623188405796 0.07705314009661837 0.05676328502415458 0.05072463768115948
0.0591269841269841 0.03690476190476189 0.22619047619047603 0.04722222222222219 0.03888888888888887 0.04206349206349205 0.0678571428571428 0.03888888888888887 0.06468253968253962 0.08730158730158721 0.04007936507936505 0.03888888888888887 0.10158730158730159 0.04444444444444441 0.0658730158730158
0.0346127946127946 0.036632996632996614 0.014545454545454552 0.04013468013468014 0.11771043771043768 0.020404040404040417 0.05292929292929293 0.024915824915824912 0.049023569023569025 0.12558922558922556 0.20882154882154888 0.03299663299663299 0.0779124579124579 0.08228956228956232 0.08148148148148146
0.06594982078853043 0.03870967741935481 0.2738351254480288 0.04229390681003581 0.04193548387096771 0.04229390681003581 0.07455197132616481 0.06594982078853043 0.054838709677419314 0.03799283154121861 0.042293906810035815 0.048028673835125414 0.061648745519713215 0.06236559139784942 0.04731182795698922
0.13744855967078196 0.046090534979423906 0.044855967078189334 0.04074074074074078 0.0641975308641976 0.03909465020576136 0.06913580246913589 0.11893004115226338 0.04279835390946507 0.07983539094650213 0.06008230452674903 0.0386831275720165 0.07160493827160498 0.059670781893004184 0.08683127572016461
0.1362007168458782 0.051971326164874515 0.04587813620071682 0.06057347670250891 0.057706093189964114 0.04086021505376341 0.05698924731182792 0.08387096774193543 0.048028673835125414 0.04874551971326162 0.05017921146953402 0.03835125448028671 0.06738351254480282 0.04587813620071682 0.16738351254480294
0.07103174603174597 0.07460317460317453 0.056349206349206316 0.12619047619047616 0.036904761904761885 0.04126984126984124 0.07380952380952374 0.07341269841269833 0.043650793650793634 0.07738095238095234 0.0484126984126984 0.058333333333333307 0.10793650793650791 0.04722222222222218 0.06349206349206342
0.0918518518518518 0.05827160493827156 0.07407407407407401 0.033580246913580206 0.04493827160493826 0.036296296296296264 0.18444444444444436 0.11432098765432083 0.04246913580246908 0.03629629629629626 0.0701234567901234 0.02962962962962959 0.03654320987654317 0.11506172839506161 0.03209876543209873
0.12612085769980505 0.03606237816764136 0.03664717348927879 0.04541910331384017 0.06705653021442494 0.03372319688109166 0.0495126705653021 0.047173489278752444 0.07680311890838201 0.04775828460038986 0.056335282651072134 0.025730994152046823 0.23489278752436635 0.034697855750487366 0.08206627680311894
0.082142857142857 0.05198412698412696 0.17341269841269838 0.06349206349206346 0.03968253968253965 0.041269841269841234 0.06904761904761904 0.08650793650793645 0.046825396825396805 0.065079365079365 0.0472222222222222 0.04087301587301584 0.08730158730158726 0.051587301587301564 0.05357142857142853
0.03361823361823356 0.053276353276353224 0.04558404558404555 0.07606837606837598 0.05356125356125352 0.05698005698005692 0.05982905982905976 0.03646723646723642 0.03532763532763527 0.050427350427350345 0.1814814814814813 0.032193732193732144 0.10997150997150988 0.1048433048433047 0.07037037037037028
0.09498207885304658 0.07849462365591393 0.04480286738351252 0.04910394265232972 0.11935483870967745 0.04265232974910391 0.07096774193548382 0.07634408602150533 0.09569892473118279 0.03799283154121861 0.05376344086021501 0.04982078853046591 0.08709677419354833 0.04587813620071682 0.053046594982078824
