0.05235042735042729 0.05427350427350422 0.08995726495726489 0.055769230769230696 0.1393162393162393 0.024572649572649548 0.16431623931623932 0.04188034188034184 0.03119658119658117 0.07094017094017091 0.027350427350427333 0.06217948717948717 0.05448717948717942 0.04743589743589739 0.0839743589743589
0.0585470085470085 0.04786324786324782 0.0632478632478632 0.052136752136752076 0.11837606837606825 0.07350427350427341 0.04444444444444441 0.1508547008547007 0.10384615384615367 0.04529914529914526 0.053418803418803375 0.04529914529914526 0.04871794871794867 0.05170940170940167 0.042735042735042694
0.04492753623188414 0.05120772946859911 0.05217391304347836 0.06666666666666676 0.047342995169082205 0.054106280193236794 0.24106280193236707 0.054106280193236794 0.04492753623188414 0.047342995169082205 0.08647342995169097 0.06280193236714986 0.045893719806763364 0.05507246376811602 0.04589371980676335
0.04210526315789474 0.03713450292397661 0.047368421052631574 0.05146198830409354 0.038011695906432726 0.08654970760233914 0.043274853801169584 0.08479532163742685 0.10701754385964912 0.03859649122807015 0.029532163742690055 0.21198830409356723 0.03421052631578946 0.05497076023391813 0.09298245614035083
0.11234567901234561 0.07870370370370362 0.044444444444444384 0.1453703703703704 0.04629629629629624 0.069753086419753 0.04999999999999993 0.044753086419753035 0.030864197530864137 0.04043209876543204 0.0793209876543209 0.11419753086419752 0.05370370370370363 0.05216049382716044 0.03765432098765426
0.06507936507936497 0.12031746031746017 0.03111111111111105 0.0431746031746031 0.03142857142857137 0.03142857142857137 0.18380952380952356 0.06984126984126975 0.041269841269841186 0.03587301587301581 0.032063492063492 0.05365079365079359 0.08412698412698402 0.14095238095238086 0.03587301587301582
0.05603864734299527 0.15024154589371988 0.051207729468599125 0.050724637681159486 0.04444444444444452 0.046376811594202975 0.04879227053140105 0.07632850241545898 0.04927536231884066 0.06038647342995178 0.047342995169082205 0.06811594202898562 0.04830917874396145 0.14975845410628028 0.05265700483091796
0.047443762781186075 0.05378323108384462 0.02392638036809813 0.3141785957736878 0.01881390593047033 0.043558282208588935 0.01922290388548056 0.03865030674846624 0.02617586912065437 0.047375596455351034 0.02781186094069527 0.06121336059986366 0.034560327198364 0.13401499659168373 0.10927062031356509
0.03365079365079359 0.07587301587301581 0.03714285714285708 0.039047619047618984 0.03809523809523802 0.03650793650793644 0.039365079365079304 0.2514285714285711 0.036825396825396754 0.07619047619047614 0.04063492063492056 0.12825396825396812 0.041269841269841206 0.06380952380952375 0.06190476190476181
0.05757575757575754 0.12255892255892256 0.04040404040404037 0.07912457912457907 0.05521885521885518 0.04107744107744105 0.04545454545454542 0.03670033670033667 0.05319865319865316 0.04208754208754206 0.06262626262626259 0.053872053872053835 0.04478114478114475 0.22626262626262642 0.03905723905723903
0.017195767195767174 0.06728395061728387 0.020017636684303335 0.0167548500881834 0.04982363315696643 0.03606701940035269 0.022134038800705448 0.032892416225749524 0.017019400352733662 0.02363315696649028 0.028483245149911796 0.45476190476190453 0.021781305114638425 0.057054673721340335 0.13509700176366826
0.033903133903133854 0.04700854700854695 0.04074074074074069 0.03219373219373215 0.03504273504273499 0.042450142450142406 0.03646723646723641 0.046153846153846115 0.032193732193732144 0.06353276353276345 0.03333333333333329 0.059259259259259185 0.06011396011396003 0.3358974358974355 0.10170940170940157
0.14010840108401074 0.037940379403794064 0.09322493224932253 0.10975609756097558 0.044444444444444474 0.10596205962059616 0.04227642276422767 0.031436314363143654 0.06693766937669382 0.06802168021680222 0.044444444444444474 0.09430894308943095 0.05176151761517619 0.03902439024390247 0.03035230352303525
0.06190476190476181 0.05873015873015863 0.07142857142857136 0.05132275132275124 0.05714285714285706 0.06666666666666661 0.061375661375661285 0.06931216931216923 0.04920634920634914 0.06296296296296287 0.11164021164021154 0.09153439153439151 0.0576719576719576 0.07883597883597879 0.05026455026455019
0.04477124183006529 0.07908496732026132 0.03333333333333326 0.06437908496732019 0.04509803921568619 0.04869281045751628 0.12745098039215672 0.041503267973856145 0.0656862745098038 0.0447712418300653 0.05457516339869273 0.11176470588235284 0.04117647058823521 0.1614379084967318 0.0362745098039215
0.06765432098765427 0.04197530864197527 0.08271604938271596 0.13851851851851843 0.03777777777777775 0.13728395061728385 0.050617283950617264 0.06148148148148146 0.09407407407407398 0.08666666666666659 0.03234567901234565 0.0567901234567901 0.035308641975308606 0.03728395061728392 0.03950617283950614
0.05396825396825392 0.10670194003527322 0.03474426807760136 0.03192239858906522 0.030511463844797138 0.056084656084656036 0.07301587301587299 0.02627865961199291 0.19171075837742477 0.09664902998236322 0.03633156966490297 0.05731922398589058 0.13562610229276878 0.049911816578483224 0.019223985890652523
0.07744107744107738 0.03501683501683499 0.15521885521885528 0.20841750841750845 0.08619528619528614 0.03569023569023566 0.046127946127946094 0.05218855218855216 0.034343434343434315 0.03703703703703701 0.03367003367003364 0.051851851851851816 0.06296296296296292 0.05117845117845114 0.03265993265993264
0.05124521072796939 0.10000000000000003 0.0831417624521073 0.04109195402298852 0.014942528735632161 0.08160919540229887 0.025095785440613024 0.022701149425287358 0.08352490421455942 0.21350574712643677 0.013218390804597689 0.027203065134099633 0.02365900383141763 0.08975095785440615 0.1293103448275862
0.03182674199623348 0.25555555555555537 0.03578154425612049 0.03239171374764591 0.026177024482109193 0.1613935969868173 0.03220338983050843 0.025612052730696774 0.021657250470809766 0.17306967984934085 0.021657250470809762 0.05480225988700559 0.06064030131826734 0.04463276836158188 0.02259887005649715
0.10718954248366 0.038235294117646985 0.07843137254901952 0.04248366013071889 0.16633986928104555 0.03594771241830059 0.06013071895424829 0.058169934640522766 0.042483660130718894 0.11209150326797371 0.034967320261437854 0.042156862745097966 0.07745098039215674 0.06437908496732016 0.03954248366013064
0.2606060606060606 0.018055555555555575 0.03169191919191921 0.30328282828282843 0.01893939393939396 0.03585858585858586 0.08585858585858583 0.02474747474747476 0.014772727272727281 0.027904040404040407 0.07323232323232325 0.04747474747474749 0.020959595959595966 0.02209595959595961 0.014520202020202029
0.2305114638447969 0.054320987654320925 0.058201058201058115 0.049559082892416166 0.08712522045855373 0.02380952380952378 0.13932980599647252 0.024514991181657824 0.021693121693121657 0.054144620811287424 0.03985890652557314 0.05361552028218688 0.05308641975308637 0.04638447971781302 0.06384479717813042
0.035655058043117735 0.07479270315091206 0.039137645107794355 0.06451077943615251 0.06334991708126037 0.03432835820895522 0.3558872305140959 0.051409618573797645 0.01857379767827532 0.021227197346600352 0.11243781094527365 0.02769485903814262 0.021227197346600363 0.06102819237147594 0.01873963515754563
0.05664845173041892 0.06684881602914386 0.02459016393442622 0.20728597449908925 0.022404371584699472 0.11020036429872497 0.038433515482695774 0.04899817850637519 0.02367941712204008 0.022040072859745012 0.024225865209471772 0.19963570127504546 0.03624772313296902 0.09981785063752278 0.018943533697632076
0.0653846153846153 0.06581196581196577 0.10299145299145288 0.047008547008546966 0.041880341880341856 0.042735042735042694 0.08162393162393153 0.06282051282051275 0.06452991452991445 0.048717948717948684 0.04059829059829056 0.06880341880341873 0.0555555555555555 0.1705128205128203 0.041025641025640984
0.04181286549707601 0.09064327485380112 0.04853801169590642 0.0769005847953216 0.046783625730994156 0.04883040935672511 0.127485380116959 0.06812865497076016 0.03245614035087717 0.03830409356725144 0.03771929824561403 0.1219298245614035 0.0967836257309941 0.08830409356725141 0.03538011695906429
0.03655913978494622 0.07132616487455201 0.10215053763440866 0.027956989247311808 0.05107526881720434 0.09211469534050182 0.02634408602150536 0.07974910394265235 0.08655913978494634 0.039426523297491016 0.022580645161290307 0.03924731182795697 0.026881720430107513 0.21290322580645168 0.0851254480286739
0.04252873563218387 0.04214559386973174 0.03639846743295016 0.04750957854406125 0.14022988505747136 0.1992337164750958 0.059003831417624476 0.06934865900383134 0.07164750957854406 0.03831417624521067 0.03908045977011489 0.08505747126436783 0.04061302681992331 0.04827586206896547 0.04061302681992334
0.06111111111111108 0.1298245614035087 0.10087719298245615 0.0643274853801169 0.037719298245614014 0.036257309941520474 0.07456140350877188 0.044444444444444446 0.03157894736842104 0.04970760233918127 0.027485380116959064 0.04999999999999999 0.030116959064327483 0.23157894736842105 0.030409356725146188
0.045410628019323745 0.05169082125603873 0.047342995169082205 0.07391304347826096 0.05265700483091795 0.11545893719806766 0.18792270531400976 0.07584541062801946 0.046859903381642594 0.04637681159420297 0.046376811594202975 0.06183574879227063 0.047826086956521824 0.05314009661835758 0.0473429951690822
0.12551440329218103 0.04691358024691361 0.08436213991769549 0.0584362139917696 0.060905349794238735 0.05144032921810707 0.05144032921810705 0.06543209876543216 0.041975308641975365 0.05020576131687246 0.07078189300411528 0.10905349794238675 0.05349794238683134 0.08600823045267493 0.04403292181069965
0.27891156462585037 0.06371882086167796 0.03854875283446706 0.05079365079365077 0.07619047619047618 0.02902494331065758 0.11473922902494331 0.04920634920634917 0.030612244897959162 0.03310657596371879 0.02630385487528343 0.037868480725623564 0.03242630385487525 0.054648526077097456 0.08390022675736965
0.04722222222222222 0.08194444444444444 0.04861111111111111 0.03784722222222222 0.036458333333333336 0.05416666666666667 0.08993055555555556 0.15416666666666667 0.03854166666666667 0.033680555555555554 0.03229166666666667 0.09930555555555555 0.10347222222222222 0.10833333333333334 0.034027777777777775
0.033680555555555554 0.14340277777777777 0.034027777777777775 0.13194444444444445 0.03263888888888889 0.09965277777777778 0.17708333333333334 0.042708333333333334 0.04236111111111111 0.03576388888888889 0.03298611111111111 0.03958333333333333 0.03333333333333333 0.08506944444444445 0.03576388888888889
0.03690476190476188 0.03730158730158727 0.03888888888888886 0.03888888888888886 0.04563492063492064 0.04166666666666663 0.036507936507936475 0.06507936507936504 0.31309523809523837 0.040079365079365055 0.05357142857142855 0.04206349206349205 0.13452380952380952 0.037301587301587266 0.038492063492063466
0.0747474747474748 0.05000000000000002 0.04646464646464645 0.07020202020202024 0.09848484848484854 0.047474747474747475 0.18232323232323233 0.04848484848484848 0.06010101010101014 0.04696969696969696 0.04797979797979797 0.05353535353535355 0.0641414141414142 0.05959595959595966 0.0494949494949495
0.24753086419753093 0.036111111111111045 0.05401234567901227 0.03641975308641971 0.034567901234567835 0.03302469135802464 0.1280864197530864 0.03611111111111105 0.039197530864197465 0.03672839506172832 0.14938271604938275 0.05679012345679006 0.030864197530864144 0.048148148148148086 0.03302469135802464
0.03370998116760825 0.2832391713747645 0.023163841807909577 0.13992467043314502 0.022222222222222192 0.059510357815442484 0.038794726930320114 0.028248587570621438 0.0444444444444444 0.03766478342749524 0.020715630885122384 0.09359698681732571 0.06760828625235396 0.08644067796610161 0.020715630885122384
0.04629629629629627 0.09222222222222214 0.07611111111111103 0.07462962962962957 0.026851851851851842 0.06462962962962958 0.06018518518518514 0.02648148148148147 0.04314814814814813 0.07518518518518509 0.03277777777777775 0.13574074074074077 0.0979629629629629 0.07259259259259256 0.0751851851851851
0.031893004115226366 0.16913580246913582 0.03395061728395063 0.040123456790123475 0.1341563786008231 0.14423868312757204 0.025720164609053523 0.04135802469135805 0.05205761316872429 0.0876543209876543 0.024691358024691384 0.0576131687242798 0.10041152263374485 0.034773662551440356 0.022222222222222237
0.068438003220612 0.04943639291465383 0.03816425120772949 0.0726247987117553 0.026731078904991955 0.08470209339774562 0.12270531400966177 0.04009661835748795 0.17954911433172313 0.021739130434782615 0.02383252818035427 0.04798711755233497 0.06747181964573275 0.09468599033816426 0.061835748792270606
0.1804639804639803 0.051282051282051246 0.02796092796092794 0.17753357753357726 0.02356532356532355 0.0338217338217338 0.028083028083028063 0.026129426129426116 0.015018315018315001 0.07008547008547002 0.02649572649572647 0.08656898656898648 0.019047619047619032 0.09560439560439558 0.1383394383394382
0.21080246913580242 0.04722222222222215 0.07438271604938261 0.0814814814814814 0.04938271604938265 0.03703703703703698 0.039197530864197465 0.0712962962962962 0.043209876543209805 0.04043209876543204 0.03641975308641969 0.05524691358024684 0.08981481481481472 0.08611111111111099 0.037962962962962914
0.055555555555555525 0.024183006535947696 0.0862745098039215 0.02919389978213505 0.09150326797385612 0.02352941176470586 0.0527233115468409 0.026579520697167732 0.033551198257080576 0.25729847494553354 0.07668845315904128 0.03943355119825704 0.09803921568627436 0.030718954248365973 0.0747276688453158
0.06475694444444445 0.027256944444444445 0.028645833333333332 0.39444444444444443 0.05399305555555556 0.04861111111111111 0.022916666666666665 0.0625 0.058506944444444445 0.06197916666666667 0.021006944444444446 0.050520833333333334 0.058159722222222224 0.02309027777777778 0.02361111111111111
0.06794871794871787 0.04743589743589741 0.07051282051282041 0.04786324786324781 0.1871794871794871 0.04615384615384611 0.0572649572649572 0.11025641025641014 0.04829059829059826 0.05042735042735039 0.04615384615384613 0.06367521367521362 0.05641025641025637 0.05427350427350424 0.04615384615384613
0.03888888888888883 0.06327160493827153 0.059259259259259164 0.03209876543209871 0.03703703703703697 0.2444444444444444 0.03518518518518513 0.05648148148148139 0.06913580246913567 0.03487654320987648 0.05987654320987644 0.055864197530864135 0.08395061728395052 0.03796296296296291 0.09166666666666654
0.06727272727272725 0.0628282828282828 0.056161616161616135 0.15878787878787876 0.07171717171717173 0.17434343434343427 0.05898989898989893 0.030707070707070662 0.04020202020202015 0.08242424242424237 0.028080808080808043 0.03878787878787875 0.0505050505050505 0.0519191919191919 0.027272727272727212
0.08114478114478116 0.03131313131313129 0.11043771043771052 0.07895622895622897 0.056734006734006706 0.15690235690235693 0.03569023569023567 0.03771043771043769 0.048316498316498306 0.09579124579124582 0.058249158249158266 0.08215488215488222 0.04410774410774408 0.05740740740740744 0.025084175084175066
0.19379084967320243 0.04150326797385616 0.10490196078431363 0.04150326797385614 0.08823529411764697 0.048039215686274436 0.05326797385620907 0.03758169934640516 0.03300653594771235 0.06176470588235284 0.03594771241830059 0.053594771241829986 0.03986928104575156 0.041176470588235224 0.1258169934640521
0.05166666666666658 0.053888888888888806 0.05277777777777769 0.050555555555555465 0.06666666666666661 0.09611111111111102 0.05111111111111102 0.1350000000000001 0.050555555555555465 0.05611111111111102 0.08777777777777768 0.05333333333333326 0.09166666666666655 0.05277777777777769 0.04999999999999991
0.04478114478114475 0.050841750841750806 0.04646464646464643 0.04781144781144778 0.09797979797979792 0.04444444444444441 0.04410774410774408 0.2053872053872056 0.036026936026936 0.03771043771043768 0.03703703703703701 0.05690235690235687 0.0848484848484848 0.1262626262626263 0.03939393939393937
0.044444444444444425 0.03968253968253965 0.06547619047619044 0.042460317460317434 0.06944444444444439 0.06150793650793645 0.10158730158730155 0.051190476190476175 0.07460317460317453 0.04603174603174601 0.06944444444444442 0.06150793650793648 0.04047619047619044 0.1892857142857142 0.04285714285714283
0.03869731800766282 0.2406130268199233 0.09137931034482764 0.03563218390804597 0.04195402298850573 0.05957854406130269 0.042528735632183894 0.03620689655172413 0.025478927203065105 0.0475095785440613 0.028352490421455916 0.029118773946360137 0.029310344827586175 0.052107279693486615 0.20153256704980854
0.03593380614657211 0.03262411347517731 0.029550827423167853 0.14184397163120563 0.030496453900709222 0.3425531914893616 0.041134751773049656 0.027895981087470448 0.025768321513002342 0.030732860520094576 0.026713947990543722 0.042789598108747044 0.03451536643026006 0.047517730496453865 0.10992907801418442
0.04017094017094014 0.04230769230769226 0.06324786324786319 0.04017094017094014 0.09487179487179476 0.04059829059829057 0.04188034188034184 0.3235042735042736 0.04102564102564099 0.04999999999999997 0.04444444444444441 0.042307692307692255 0.04743589743589738 0.046581196581196575 0.04145299145299142
0.08073394495412846 0.06248725790010194 0.15045871559633023 0.08103975535168194 0.11732925586136589 0.023445463812436288 0.039551478083588165 0.020081549439347587 0.012640163098878679 0.022222222222222213 0.028848114169215084 0.17176350662589204 0.03567787971457695 0.07767584097859329 0.07604485219164117
0.05170940170940167 0.04914529914529911 0.24444444444444463 0.04401709401709399 0.053418803418803375 0.08333333333333326 0.04487179487179483 0.04871794871794867 0.051282051282051246 0.05299145299145296 0.04529914529914526 0.07307692307692301 0.04572649572649569 0.0713675213675213 0.04059829059829055
0.09416195856873813 0.03295668549905835 0.07495291902071555 0.027871939736346486 0.036911487758945344 0.0689265536723163 0.03766478342749525 0.10696798493408656 0.045386064030131776 0.03389830508474572 0.08832391713747634 0.03370998116760826 0.028248587570621438 0.26986817325800366 0.020150659133709947
0.08222222222222221 0.13916666666666666 0.05361111111111108 0.03638888888888885 0.085 0.03138888888888885 0.07750000000000001 0.059722222222222204 0.030555555555555496 0.047222222222222214 0.061388888888888826 0.10166666666666666 0.03805555555555551 0.12305555555555561 0.03305555555555551
0.051709401709401664 0.04829059829059826 0.04871794871794867 0.04059829059829056 0.04615384615384613 0.1867521367521365 0.12136752136752119 0.04658119658119654 0.04358974358974356 0.04444444444444443 0.04230769230769227 0.07606837606837602 0.06794871794871789 0.09572649572649566 0.03974358974358969
0.022078853046594984 0.0889605734767025 0.022652329749103948 0.037275985663082434 0.03949820788530462 0.15204301075268817 0.019999999999999993 0.019713261648745515 0.3289605734767026 0.028172043010752684 0.02688172043010754 0.03956989247311827 0.05318996415770604 0.05354838709677416 0.06745519713261647
0.04513888888888889 0.03680555555555556 0.04583333333333333 0.04375 0.20173611111111112 0.046875 0.058680555555555555 0.034722222222222224 0.034722222222222224 0.04895833333333333 0.050347222222222224 0.07256944444444445 0.13125 0.04722222222222222 0.10138888888888889
0.030847953216374232 0.10614035087719298 0.023684210526315783 0.10233918128654967 0.026169590643274843 0.020175438596491225 0.04225146198830406 0.035526315789473635 0.04166666666666663 0.03918128654970757 0.06286549707602335 0.04152046783625728 0.09985380116959065 0.26783625730994154 0.05994152046783625
0.3520467836257309 0.0830409356725146 0.03791423001949318 0.14074074074074078 0.05097465886939566 0.015789473684210548 0.031871345029239766 0.017153996101364533 0.02076023391812868 0.022807017543859675 0.013157894736842122 0.028947368421052635 0.02826510721247564 0.049317738791422976 0.10721247563352826
0.03176638176638173 0.023931623931623906 0.056267806267806225 0.022364672364672343 0.048148148148148086 0.516951566951567 0.01894586894586892 0.0232193732193732 0.03304843304843301 0.031908831908831876 0.015527065527065502 0.036182336182336156 0.02079772079772077 0.021794871794871773 0.09914529914529899
0.06177777777777782 0.06622222222222227 0.06488888888888893 0.05244444444444448 0.04977777777777781 0.2666666666666666 0.048000000000000036 0.04977777777777781 0.05022222222222226 0.0506666666666667 0.0417777777777778 0.058222222222222265 0.04400000000000003 0.048000000000000036 0.04755555555555559
0.03565891472868221 0.08656330749354015 0.06640826873385018 0.22067183462532317 0.032041343669250676 0.027648578811369538 0.08863049095607246 0.04470284237726102 0.04211886304909565 0.036434108527131824 0.029715762273901842 0.03591731266149874 0.05426356589147292 0.04806201550387602 0.15116279069767458
0.05806451612903222 0.04301075268817202 0.050896057347670214 0.051971326164874515 0.048028673835125414 0.058064516129032226 0.11326164874551971 0.08853046594982072 0.05663082437275982 0.10394265232974909 0.04157706093189961 0.06129032258064512 0.1136200716845878 0.06559139784946232 0.04551971326164871
0.039094650205761354 0.03909465020576137 0.06090534979423866 0.037860082304526796 0.08065843621399181 0.05637860082304532 0.03991769547325107 0.3193415637860084 0.07448559670781896 0.0432098765432099 0.04074074074074078 0.04032921810699593 0.05144032921810705 0.03786008230452679 0.03868312757201651
0.17746031746031724 0.05777777777777771 0.06444444444444437 0.14984126984126966 0.04190476190476185 0.035238095238095186 0.05492063492063484 0.03873015873015867 0.04920634920634913 0.04539682539682533 0.06825396825396815 0.06126984126984119 0.04539682539682533 0.07301587301587295 0.03714285714285707
0.037418300653594735 0.08513071895424826 0.08480392156862737 0.20392156862745084 0.030882352941176434 0.037418300653594735 0.1962418300653594 0.03676470588235289 0.032352941176470536 0.023039215686274473 0.018627450980392122 0.04264705882352937 0.0601307189542483 0.09166666666666656 0.018954248366013043
0.04288888888888892 0.028444444444444463 0.08533333333333329 0.04600000000000001 0.0417777777777778 0.1735555555555555 0.033777777777777795 0.05688888888888887 0.02533333333333335 0.03444444444444447 0.21511111111111106 0.05777777777777777 0.035111111111111135 0.03288888888888891 0.09066666666666663
0.09336917562724026 0.03261648745519711 0.18028673835125453 0.08960573476702513 0.026164874551971307 0.08440860215053768 0.03279569892473116 0.04749103942652328 0.06487455197132616 0.08261648745519717 0.023297491039426507 0.09318996415770617 0.06111111111111113 0.057347670250896085 0.030824372759856607
0.1654589371980676 0.03260869565217396 0.04589371980676331 0.06159420289855071 0.033816425120773 0.13212560386473438 0.07608695652173915 0.0342995169082126 0.02777777777777783 0.03913043478260873 0.052173913043478314 0.0823671497584541 0.08091787439613528 0.04541062801932372 0.09033816425120772
0.055324074074074046 0.0375 0.06041666666666666 0.08287037037037034 0.05694444444444444 0.14004629629629634 0.04027777777777779 0.04212962962962962 0.19490740740740742 0.04189814814814814 0.0472222222222222 0.09259259259259257 0.03842592592592593 0.03726851851851852 0.03217592592592594
0.03854166666666667 0.13819444444444445 0.0642361111111111 0.03836805555555556 0.025347222222222222 0.0328125 0.2881944444444444 0.035590277777777776 0.050868055555555555 0.024479166666666666 0.02638888888888889 0.08489583333333334 0.025 0.05555555555555555 0.07152777777777777
0.025102880658436237 0.027572016460905367 0.03086419753086421 0.027572016460905378 0.06604938271604938 0.05267489711934154 0.02366255144032924 0.020781893004115252 0.4748971193415635 0.060288065843621355 0.04773662551440331 0.04341563786008231 0.028600823045267523 0.029012345679012366 0.04176954732510289
0.29952718676122914 0.03995271867612295 0.034042553191489376 0.07730496453900706 0.04231678486997635 0.03309692671394799 0.0763593380614657 0.026004728132387713 0.06501182033096926 0.10307328605200944 0.023167848699763564 0.05839243498817965 0.06879432624113473 0.030260047281323876 0.022695035460992878
0.04133986928104571 0.05277777777777773 0.044281045751633934 0.16339869281045755 0.035784313725490145 0.13300653594771242 0.302124183006536 0.0344771241830065 0.021078431372548976 0.02434640522875814 0.020098039215686234 0.05163398692810454 0.022222222222222185 0.03137254901960781 0.022058823529411735
0.07638888888888894 0.06759259259259259 0.07453703703703711 0.11111111111111109 0.06620370370370371 0.04722222222222218 0.06203703703703704 0.048148148148148134 0.055555555555555594 0.08055555555555555 0.04722222222222219 0.05185185185185182 0.10092592592592592 0.05324074074074073 0.05740740740740742
0.04975845410628021 0.033333333333333375 0.039613526570048345 0.05942028985507247 0.03719806763285028 0.06932367149758457 0.04130434782608701 0.04227053140096623 0.030193236714975896 0.053864734299516916 0.02729468599033821 0.08091787439613525 0.04202898550724642 0.30893719806763303 0.08454106280193238
0.07551020408163264 0.06643990929705215 0.0684807256235827 0.09297052154195011 0.03877551020408161 0.02653061224489795 0.14353741496598638 0.03174603174603173 0.027437641723356006 0.05011337868480719 0.08639455782312926 0.12335600907029479 0.030612244897959162 0.048299319727891116 0.08979591836734695
0.03620689655172412 0.04636015325670499 0.02892720306513408 0.22624521072796927 0.023371647509578524 0.20268199233716477 0.029118773946360123 0.042145593869731796 0.022605363984674304 0.041762452107279684 0.03314176245210726 0.05210727969348659 0.06877394636015328 0.08314176245210732 0.06340996168582383
0.0596296296296296 0.049629629629629614 0.051851851851851836 0.04444444444444444 0.0462962962962963 0.041481481481481466 0.05037037037037036 0.0511111111111111 0.039259259259259265 0.06962962962962958 0.08111111111111108 0.10370370370370363 0.04518518518518518 0.10925925925925922 0.15703703703703692
0.12976554536187565 0.013251783893985711 0.022731906218144735 0.1246687054026503 0.03761467889908257 0.07278287461773697 0.023139653414882763 0.0772680937818553 0.3426095820591234 0.012538226299694175 0.017533129459734953 0.03486238532110093 0.03211009174311927 0.024464831804281335 0.0346585117227319
0.022975517890772103 0.03295668549905834 0.022033898305084718 0.03578154425612049 0.021657250470809766 0.027871939736346486 0.027871939736346482 0.3986817325800377 0.07156308851224094 0.02561205273069677 0.018832391713747617 0.1233521657250472 0.058003766478342704 0.04557438794726927 0.06723163841807901
0.04204204204204208 0.09909909909909906 0.04654654654654659 0.15105105105105104 0.03423423423423425 0.12492492492492493 0.10150150150150149 0.04834834834834839 0.049849849849849893 0.03753753753753757 0.04654654654654655 0.04924924924924929 0.09579579579579575 0.03903903903903906 0.03423423423423426
0.06752136752136745 0.04999999999999997 0.045299145299145256 0.07264957264957259 0.06282051282051276 0.06282051282051278 0.05811965811965807 0.05170940170940167 0.06025641025641021 0.04871794871794869 0.07692307692307682 0.08076923076923068 0.04615384615384611 0.06880341880341877 0.14743589743589725
0.02962962962962959 0.032592592592592555 0.027160493827160452 0.049135802469135764 0.02765432098765429 0.16493827160493807 0.0335802469135802 0.04543209876543208 0.3617283950617279 0.06938271604938266 0.02765432098765428 0.04518518518518516 0.03135802469135798 0.0279012345679012 0.026666666666666637
0.015234822451317288 0.011798396334478796 0.037285223367697566 0.017754868270332184 0.026116838487972485 0.011282932416953023 0.03087056128293239 0.09278350515463904 0.451546391752577 0.01844215349369988 0.023367697594501705 0.018327605956471923 0.09518900343642603 0.036197021764032035 0.11380297823596776
0.06584362139917702 0.04279835390946507 0.10823045267489712 0.06790123456790124 0.0769547325102881 0.04238683127572018 0.047325102880658505 0.04320987654320991 0.04938271604938277 0.051851851851851906 0.11604938271604931 0.09176954732510288 0.08230452674897121 0.07489711934156378 0.039094650205761375
0.04358974358974355 0.04358974358974356 0.04700854700854698 0.04273504273504271 0.049145299145299096 0.04316239316239312 0.04829059829059824 0.35170940170940157 0.04444444444444441 0.04487179487179482 0.04487179487179485 0.0457264957264957 0.05427350427350424 0.04743589743589739 0.049145299145299116
0.22604166666666667 0.053125 0.04895833333333333 0.06041666666666667 0.08784722222222222 0.03680555555555556 0.041666666666666664 0.03680555555555556 0.03819444444444445 0.03923611111111111 0.034027777777777775 0.04479166666666667 0.075 0.13993055555555556 0.03715277777777778
0.0714285714285714 0.019954648526077076 0.0447845804988662 0.15487528344671211 0.021882086167800442 0.05532879818594105 0.0341269841269841 0.021995464852607692 0.04648526077097507 0.14965986394557826 0.017687074829931957 0.0753968253968254 0.09988662131519278 0.07959183673469387 0.10691609977324264
0.08467432950191575 0.05402298850574708 0.11800766283524913 0.11877394636015326 0.04252873563218385 0.05670498084291181 0.04099616858237543 0.035632183908045935 0.047126436781609146 0.050574712643678146 0.1693486590038315 0.05708812260536392 0.047892720306513356 0.04061302681992333 0.03601532567049804
0.05591397849462368 0.09695340501792124 0.03709677419354836 0.18351254480286747 0.030107526881720408 0.04498207885304656 0.16774193548387092 0.07132616487455203 0.02240143369175626 0.02437275985663081 0.03817204301075266 0.041039426523297465 0.03405017921146951 0.12974910394265235 0.022580645161290307
0.11066666666666668 0.05333333333333337 0.05777777777777782 0.07244444444444449 0.055555555555555594 0.04311111111111114 0.07111111111111115 0.07955555555555562 0.046222222222222255 0.04400000000000003 0.08400000000000006 0.056444444444444485 0.048000000000000036 0.12311111111111107 0.054666666666666704
0.06122931442080378 0.050827423167848655 0.07966903073286045 0.1146572104018912 0.03735224586288415 0.0936170212765957 0.04609929078014184 0.05177304964539006 0.027659574468085105 0.03262411347517731 0.033569739952718676 0.05390070921985814 0.05390070921985815 0.18085106382978727 0.08226950354609927
0.061279461279461246 0.04040404040404038 0.11043771043771043 0.0673400673400673 0.1437710437710438 0.098989898989899 0.06700336700336695 0.0397306397306397 0.03939393939393937 0.047138047138047104 0.04208754208754206 0.05218855218855215 0.04343434343434341 0.11077441077441075 0.036026936026936004
0.05777777777777782 0.05155555555555559 0.13155555555555554 0.05333333333333336 0.09422222222222225 0.08622222222222228 0.06222222222222227 0.05111111111111115 0.04400000000000003 0.059111111111111156 0.05422222222222225 0.05955555555555559 0.09244444444444448 0.057333333333333375 0.045333333333333364
0.0474747474747475 0.12121212121212119 0.042929292929292956 0.09343434343434348 0.03333333333333336 0.13030303030303028 0.08989898989898992 0.05075757575757581 0.026767676767676777 0.034595959595959624 0.05858585858585867 0.1343434343434344 0.03106060606060609 0.0767676767676768 0.028535353535353542
0.14371345029239765 0.19210526315789467 0.06067251461988302 0.21900584795321637 0.026023391812865476 0.032017543859649104 0.06447368421052632 0.02426900584795321 0.03728070175438593 0.03888888888888887 0.01812865497076022 0.04356725146198828 0.034795321637426865 0.04722222222222222 0.01783625730994151
0.04777777777777779 0.08222222222222218 0.03999999999999998 0.06074074074074069 0.04629629629629631 0.09148148148148146 0.07999999999999993 0.05148148148148145 0.04185185185185184 0.03962962962962961 0.06777777777777773 0.09407407407407403 0.07888888888888881 0.13629629629629617 0.04148148148148146
0.08080808080808088 0.05151515151515154 0.0494949494949495 0.06919191919191921 0.05252525252525254 0.04848484848484848 0.1292929292929294 0.06363636363636369 0.052020202020202036 0.05202020202020205 0.08030303030303032 0.07929292929292936 0.05707070707070711 0.08636363636363646 0.04797979797979797
0.028968253968253928 0.07499999999999987 0.020238095238095215 0.08095238095238089 0.015476190476190452 0.037301587301587266 0.029365079365079344 0.017724867724867702 0.054761904761904685 0.023280423280423262 0.13306878306878303 0.375 0.016666666666666646 0.04761904761904759 0.04457671957671953
0.08187134502923973 0.06140350877192977 0.09122807017543845 0.06549707602339183 0.09298245614035083 0.03333333333333331 0.06549707602339175 0.04678362573099414 0.04181286549707601 0.0549707602339181 0.10584795321637423 0.07222222222222223 0.0865497076023391 0.06695906432748532 0.033040935672514614
0.046153846153846136 0.12940170940170923 0.03094017094017091 0.1347008547008546 0.024957264957264923 0.16820512820512795 0.06717948717948714 0.024957264957264934 0.06735042735042727 0.03316239316239313 0.020341880341880315 0.07641025641025635 0.03470085470085466 0.0984615384615384 0.043076923076923034
0.08417508417508412 0.04343434343434341 0.05050505050505047 0.07205387205387201 0.10404040404040402 0.09225589225589219 0.12020202020202024 0.06969696969696966 0.03670033670033667 0.03737373737373735 0.03973063973063971 0.059932659932659886 0.09898989898989898 0.05218855218855215 0.03872053872053869
0.03679012345679008 0.04666666666666662 0.07506172839506166 0.05580246913580243 0.04172839506172837 0.11851851851851845 0.040987654320987624 0.08444444444444438 0.0595061728395061 0.03259259259259255 0.09925925925925914 0.15012345679012326 0.029135802469135774 0.10024691358024682 0.029135802469135757
0.025497076023391838 0.05040935672514623 0.05614035087719301 0.06058479532163741 0.16619883040935673 0.0678362573099415 0.21953216374269016 0.020935672514619894 0.07286549707602341 0.07181286549707602 0.014736842105263171 0.043508771929824594 0.02245614035087722 0.023742690058479562 0.08374269005847952
0.06400000000000004 0.16088888888888875 0.04844444444444448 0.07422222222222227 0.04844444444444448 0.045333333333333364 0.08088888888888894 0.04844444444444448 0.0466666666666667 0.11688888888888886 0.045777777777777806 0.06355555555555559 0.044444444444444474 0.06266666666666672 0.04933333333333337
0.04639376218323588 0.0481481481481482 0.07875243664717349 0.05692007797270953 0.03040935672514623 0.032943469785575094 0.028070175438596523 0.4695906432748535 0.021637426900584823 0.02690058479532167 0.021247563352826543 0.05516569200779725 0.024366471734892817 0.03469785575048737 0.024756335282651105
0.03712121212121215 0.05126262626262628 0.054797979797979846 0.058333333333333355 0.17752525252525245 0.1542929292929292 0.13510101010101008 0.026515151515151533 0.06565656565656569 0.05303030303030308 0.02904040404040406 0.038636363636363684 0.035353535353535394 0.051515151515151555 0.03181818181818185
0.04111111111111106 0.07027777777777772 0.0369444444444444 0.04527777777777773 0.16388888888888883 0.03888888888888885 0.06972222222222221 0.08000000000000003 0.054166666666666655 0.045833333333333295 0.03333333333333329 0.08805555555555557 0.14944444444444444 0.0444444444444444 0.038611111111111054
0.06388888888888891 0.08333333333333336 0.05370370370370372 0.07083333333333335 0.05740740740740739 0.057407407407407414 0.07962962962962966 0.053240740740740734 0.06435185185185184 0.08425925925925927 0.04722222222222218 0.1027777777777778 0.06250000000000004 0.05509259259259259 0.06435185185185185
0.021859903381642537 0.07572463768115942 0.03043478260869565 0.02149758454106283 0.04094202898550724 0.14118357487922706 0.038285024154589384 0.07584541062801936 0.035386473429951715 0.03297101449275363 0.021739130434782636 0.28538647342995166 0.021497584541062827 0.07379227053140094 0.08345410628019327
0.227927927927928 0.057057057057057076 0.059159159159159244 0.15405405405405403 0.05255255255255256 0.06096096096096101 0.033633633633633656 0.044444444444444474 0.03243243243243245 0.03903903903903906 0.03243243243243245 0.08048048048048054 0.03843843843843848 0.055255255255255306 0.03213213213213216
0.05502645502645495 0.050264550264550206 0.05449735449735442 0.06613756613756604 0.07777777777777767 0.07037037037037026 0.09947089947089939 0.051851851851851774 0.09365079365079351 0.05767195767195758 0.050264550264550206 0.0761904761904761 0.07566137566137554 0.0703703703703703 0.05079365079365073
0.03888888888888885 0.04529914529914526 0.054700854700854666 0.04316239316239312 0.1004273504273503 0.21239316239316222 0.039316239316239274 0.04999999999999997 0.04487179487179484 0.09615384615384609 0.06709401709401705 0.04999999999999996 0.07478632478632467 0.04102564102564098 0.041880341880341836
0.0233211233211233 0.09450549450549439 0.07057387057387049 0.023809523809523794 0.044444444444444446 0.13284493284493268 0.01782661782661781 0.052503052503052476 0.023809523809523798 0.028815628815628807 0.06105006105006099 0.3274725274725271 0.023076923076923064 0.019658119658119644 0.056288156288156234
0.07515432098765437 0.10478395061728399 0.043672839506172796 0.03240740740740738 0.01929012345679009 0.0237654320987654 0.019444444444444424 0.09243827160493824 0.3936728395061729 0.03333333333333329 0.017283950617283918 0.02777777777777775 0.02098765432098762 0.03904320987654317 0.05694444444444444
0.02128060263653481 0.03182674199623348 0.02448210922787191 0.0308851224105461 0.020715630885122387 0.03182674199623348 0.028060263653483963 0.4032015065913371 0.07118644067796602 0.024293785310734433 0.019020715630885095 0.12504708097928438 0.053860640301318215 0.04387947269303199 0.07043314500941612
0.042460317460317434 0.0626984126984127 0.04226190476190473 0.05039682539682538 0.04027777777777776 0.06567460317460318 0.05059523809523811 0.06071428571428569 0.1886904761904762 0.11567460317460317 0.03591269841269838 0.06646825396825397 0.07976190476190477 0.05000000000000001 0.0484126984126984
0.2262411347517731 0.0558707643814027 0.029708431836091394 0.18014184397163116 0.02174940898345153 0.04066193853427895 0.10039401103230892 0.014578408195429462 0.021434200157604413 0.03719464144996056 0.010401891252955093 0.07202521670606778 0.016154452324665086 0.10992907801418442 0.06351457840819544
0.03435897435897431 0.03948717948717944 0.02564102564102561 0.10632478632478623 0.03487179487179483 0.14512820512820498 0.024786324786324757 0.3894017094017089 0.01811965811965809 0.018632478632478595 0.017094017094017065 0.05299145299145295 0.01931623931623929 0.021196581196581157 0.05264957264957258
0.13253968253968254 0.11587301587301593 0.026388888888888875 0.16448412698412698 0.028373015873015855 0.02539682539682538 0.05515873015873015 0.02638888888888888 0.024801587301587293 0.07301587301587303 0.023015873015873003 0.0660714285714286 0.025595238095238074 0.1839285714285714 0.02896825396825396
0.03850129198966413 0.050387596899224854 0.05994832041343675 0.20801033591731277 0.03410852713178298 0.052971576227390224 0.07105943152454786 0.032558139534883755 0.03178294573643414 0.16795865633074955 0.05374677002583985 0.05503875968992252 0.06925064599483212 0.04625322997416025 0.028423772609819153
0.12502923976608185 0.032397660818713495 0.04842105263157896 0.131812865497076 0.14526315789473682 0.051345029239766075 0.0832748538011696 0.023742690058479565 0.013801169590643286 0.034736842105263184 0.029122807017543887 0.10970760233918127 0.015672514619883057 0.018245614035087745 0.13742690058479531
0.03352165725047077 0.04971751412429375 0.05913370998116753 0.024293785310734436 0.07005649717514116 0.155743879472693 0.2777777777777776 0.04124293785310729 0.03596986817325796 0.04274952919020712 0.044256120527306916 0.0308851224105461 0.06553672316384174 0.04331450094161953 0.025800376647834244
0.039285714285714264 0.0591269841269841 0.12182539682539684 0.047619047619047616 0.1134920634920635 0.1424603174603175 0.04841269841269838 0.04999999999999996 0.04523809523809522 0.043650793650793614 0.07698412698412693 0.07539682539682531 0.04960317460317455 0.04365079365079363 0.04325396825396824
