0.04786324786324783 0.061111111111111054 0.10683760683760675 0.0858974358974358 0.05085470085470081 0.05170940170940167 0.06068376068376065 0.047435897435897406 0.073076923076923 0.051282051282051246 0.07735042735042727 0.04230769230769226 0.08333333333333326 0.09273504273504264 0.06752136752136745
0.04649122807017543 0.031286549707602335 0.05906432748538009 0.031578947368421026 0.11725146198830409 0.1181286549707602 0.04970760233918129 0.03684210526315788 0.03128654970760232 0.035380116959064324 0.2280701754385965 0.03625730994152045 0.054970760233918094 0.06959064327485377 0.05409356725146196
0.21119047619047607 0.039523809523809475 0.06301587301587298 0.010793650793650779 0.10626984126984124 0.06992063492063483 0.025714285714285693 0.018174603174603152 0.012460317460317442 0.04833333333333327 0.016666666666666646 0.11690476190476193 0.13547619047619047 0.06182539682539676 0.06373015873015866
0.07876984126984127 0.02460317460317459 0.05079365079365078 0.06488095238095239 0.07400793650793652 0.048015873015872984 0.06785714285714285 0.1666666666666666 0.0660714285714286 0.041071428571428543 0.1505952380952381 0.02440476190476189 0.030952380952380926 0.07718253968253969 0.03412698412698409
0.07489711934156387 0.07283950617283957 0.04897119341563791 0.04032921810699592 0.04403292181069964 0.03909465020576136 0.05555555555555562 0.06008230452674903 0.04279835390946506 0.06378600823045272 0.05432098765432104 0.09547325102880658 0.1144032921810699 0.09176954732510284 0.10164609053497937
0.06111111111111103 0.0859477124183005 0.07026143790849664 0.03137254901960778 0.05196078431372542 0.05065359477124175 0.05130718954248359 0.06339869281045744 0.043464052287581635 0.0915032679738561 0.04967320261437902 0.06535947712418291 0.03496732026143785 0.14575163398692795 0.10326797385620903
0.047599451303155 0.019684499314128964 0.09842249657064475 0.17585733882030186 0.08484224965706447 0.16303155006858713 0.0226337448559671 0.0170096021947874 0.011659807956104265 0.06632373113854594 0.017352537722908106 0.055281207133059 0.14375857338820297 0.040946502057613174 0.035596707818930054
0.018439716312056733 0.06903073286052007 0.04692671394799055 0.0718676122931442 0.03486997635933804 0.03817966903073284 0.04881796690307327 0.02612293144208037 0.37789598108747047 0.05709219858156026 0.06241134751773051 0.03640661938534277 0.025177304964539 0.030141843971631197 0.05661938534278963
0.043253968253968225 0.042857142857142816 0.053174603174603166 0.03849206349206347 0.03968253968253965 0.061507936507936456 0.0484126984126984 0.04007936507936507 0.041666666666666644 0.07222222222222212 0.04246031746031743 0.05436507936507932 0.22896825396825393 0.13214285714285712 0.060714285714285665
0.024444444444444397 0.07616161616161615 0.042424242424242364 0.024242424242424197 0.025656565656565614 0.030303030303030252 0.4381818181818182 0.05696969696969693 0.02949494949494946 0.03696969696969691 0.04888888888888884 0.041818181818181754 0.028484848484848443 0.04585858585858581 0.05010101010101009
0.022072072072072083 0.03453453453453454 0.06396396396396396 0.021471471471471486 0.054054054054054015 0.10735735735735732 0.04309309309309309 0.03168168168168169 0.02402402402402404 0.033783783783783806 0.14954954954954952 0.044444444444444446 0.20600600600600608 0.08258258258258251 0.08138138138138132
0.19864291772688725 0.017854113655640377 0.06115351993214591 0.10411365564037324 0.06412213740458017 0.07404580152671755 0.02141645462256148 0.049533502968617485 0.11832061068702295 0.013316369804919417 0.024893977947413055 0.09397794741306195 0.08880407124681931 0.019083969465648852 0.05072094995759117
0.04091503267973852 0.1009150326797384 0.0665359477124182 0.05006535947712412 0.03908496732026142 0.1100653594771241 0.022352941176470572 0.029411764705882328 0.3341176470588231 0.05281045751633986 0.019738562091503254 0.02013071895424835 0.03320261437908494 0.044705882352941144 0.03594771241830061
0.19159159159159153 0.006435006435006431 0.02526812526812526 0.04122694122694122 0.32441012441012457 0.11467181467181468 0.08275418275418273 0.01226941226941226 0.009480909480909475 0.02676962676962676 0.010682110682110675 0.026126126126126113 0.10823680823680822 0.006392106392106385 0.013685113685113675
0.03906810035842291 0.059139784946236514 0.06093189964157702 0.04014336917562721 0.06559139784946232 0.04157706093189961 0.054838709677419314 0.24121863799283166 0.06774193548387092 0.08064516129032252 0.04587813620071682 0.07598566308243723 0.04695340501792111 0.03548387096774191 0.04480286738351252
0.08187134502923975 0.026900584795321668 0.04658869395711502 0.07621832358674466 0.09415204678362571 0.04015594541910336 0.07446393762183237 0.03801169590643278 0.08499025341130612 0.030019493177387953 0.21364522417154 0.044054580896686193 0.03333333333333337 0.06959064327485379 0.046003898635477616
0.08611111111111104 0.048015873015873005 0.08452380952380945 0.04325396825396821 0.048412698412698366 0.05436507936507933 0.04523809523809522 0.04999999999999998 0.08214285714285706 0.057142857142857106 0.14166666666666664 0.04404761904761904 0.04603174603174601 0.04920634920634919 0.1198412698412698
0.08788706739526407 0.010200364298724963 0.03287795992714023 0.035245901639344275 0.034061930783242246 0.32331511839708554 0.015209471766848809 0.07240437158469948 0.023861566484517295 0.020856102003642976 0.029052823315118395 0.05519125683060106 0.20528233151183967 0.024863387978142054 0.029690346083788694
0.023646723646723627 0.015242165242165217 0.06965811965811956 0.01951566951566949 0.07863247863247858 0.18703703703703678 0.043304843304843264 0.1330484330484329 0.060826210826210765 0.03219373219373215 0.14800569800569782 0.03205128205128202 0.07122507122507116 0.025356125356125334 0.06025641025641018
0.01620016963528413 0.03740458015267176 0.07311280746395252 0.0346055979643766 0.036301950805767605 0.04249363867684479 0.15750636132315524 0.02239185750636131 0.3067854113655641 0.016709075487701428 0.04071246819338422 0.05402883799830364 0.07905004240882103 0.021289228159457156 0.061407972858354525
0.06031746031746023 0.04761904761904755 0.06031746031746026 0.05026455026455019 0.06613756613756606 0.04920634920634914 0.056084656084656015 0.17037037037037012 0.06666666666666658 0.051851851851851774 0.0597883597883597 0.05343915343915337 0.05291005291005283 0.09523809523809518 0.0597883597883597
0.035842293906810006 0.03369175627240141 0.062365591397849425 0.03405017921146951 0.03512544802867381 0.04336917562724012 0.050537634408602115 0.03763440860215051 0.42867383512544827 0.05555555555555552 0.04050179211469531 0.03548387096774191 0.03763440860215051 0.03440860215053761 0.03512544802867381
0.04365079365079362 0.06388888888888886 0.04999999999999996 0.03888888888888885 0.042063492063492025 0.057936507936507876 0.048809523809523796 0.04603174603174603 0.06587301587301583 0.07658730158730151 0.040079365079365034 0.043253968253968225 0.04285714285714284 0.19206349206349205 0.14801587301587305
0.015444444444444453 0.02633333333333333 0.02255555555555557 0.03544444444444442 0.023666666666666676 0.028888888888888867 0.03177777777777776 0.6682222222222223 0.013444444444444453 0.019222222222222234 0.015111111111111122 0.02888888888888888 0.023333333333333345 0.022222222222222237 0.025444444444444443
0.0238738738738739 0.02492492492492495 0.07087087087087086 0.01951951951951953 0.05855855855855855 0.3297297297297296 0.03273273273273275 0.030780780780780795 0.042042042042042045 0.02402402402402404 0.11021021021021021 0.04894894894894894 0.06891891891891891 0.06591591591591589 0.048948948948948974
0.034757834757834706 0.03675213675213669 0.04786324786324782 0.08831908831908818 0.035042735042734995 0.04700854700854696 0.04501424501424496 0.037606837606837556 0.13048433048433034 0.1048433048433047 0.045868945868945826 0.08632478632478627 0.07094017094017087 0.12336182336182323 0.06581196581196573
0.05213675213675211 0.10811965811965799 0.0636752136752136 0.04786324786324783 0.050854700854700834 0.054273504273504226 0.04444444444444443 0.04230769230769227 0.045299145299145256 0.05512820512820507 0.07051282051282044 0.050854700854700834 0.05128205128205124 0.12735042735042718 0.13589743589743575
0.026666666666666686 0.022000000000000016 0.03533333333333336 0.028666666666666688 0.10577777777777775 0.2424444444444445 0.03933333333333336 0.1546666666666666 0.13466666666666657 0.03288888888888891 0.04555555555555557 0.03222222222222225 0.03222222222222224 0.03622222222222225 0.03133333333333335
0.019696969696969685 0.023821548821548813 0.15042087542087543 0.06624579124579125 0.11683501683501686 0.06700336700336702 0.06978114478114485 0.04419191919191923 0.027272727272727264 0.05824915824915829 0.1445286195286195 0.061700336700336735 0.05168350168350171 0.04436026936026938 0.05420875420875423
0.01679012345679011 0.05611111111111104 0.04462962962962958 0.05209876543209868 0.18734567901234564 0.15043209876543212 0.04216049382716044 0.01117283950617283 0.15277777777777773 0.08611111111111103 0.012283950617283936 0.011419753086419748 0.13259259259259257 0.026358024691358006 0.017716049382716037
0.03798449612403104 0.02945736434108531 0.06770025839793288 0.032816537467700295 0.03359173126614991 0.07777777777777785 0.04108527131782949 0.2989664082687338 0.0369509043927649 0.05503875968992253 0.08475452196382437 0.04186046511627911 0.035142118863049125 0.07235142118863055 0.054521963824289456
0.019101123595505635 0.05867665418227217 0.05031210986267167 0.015355805243445715 0.03171036204744069 0.02347066167290888 0.032958801498127334 0.10174781523096131 0.1024968789013733 0.017977528089887663 0.03220973782771535 0.03146067415730335 0.034831460674157294 0.040074906367041196 0.4076154806491884
0.041481481481481466 0.14481481481481465 0.055925925925925886 0.038518518518518514 0.060740740740740734 0.04148148148148148 0.06222222222222217 0.15592592592592577 0.047777777777777766 0.09777777777777774 0.05111111111111108 0.05037037037037039 0.04740740740740742 0.05999999999999998 0.04444444444444443
0.14402250351617443 0.006329113924050632 0.17369901547116745 0.05869667135489923 0.036990154711673696 0.07449601500234411 0.04303797468354428 0.07829348335677448 0.07834036568213784 0.03286451007969996 0.049367088607594936 0.05541490857946555 0.10117205813408345 0.016127519924988266 0.05114861697140179
0.042502696871628894 0.017152103559870544 0.018770226537216824 0.14875943905070127 0.1295577130528588 0.03527508090614886 0.016612729234088453 0.07993527508090621 0.014131607335490827 0.015965480043149943 0.1899676375404531 0.1063646170442288 0.06936353829557719 0.04703344120819848 0.06860841423948225
0.041750841750841726 0.0646464646464646 0.08417508417508412 0.03905723905723903 0.16498316498316515 0.0767676767676767 0.047138047138047104 0.03973063973063971 0.03670033670033668 0.05690235690235687 0.06902356902356899 0.045117845117845085 0.0784511784511784 0.0599326599326599 0.0956228956228956
0.11441190144119019 0.021757322175732226 0.04179451417945142 0.10158066015806602 0.21283124128312408 0.15020920502092053 0.021524872152487207 0.026545792654579257 0.01706183170618316 0.013156671315667135 0.0806601580660158 0.019804741980474196 0.013900511390051131 0.008368200836820081 0.15639237563923752
0.06004728132387705 0.10780141843971631 0.060520094562647724 0.027423167848699758 0.08085106382978718 0.04373522458628841 0.0359338061465721 0.049408983451536645 0.12151300236406616 0.039952718676122934 0.1068557919621749 0.048226950354609936 0.08321513002364067 0.08108747044917253 0.053427895981087464
0.02318244170096023 0.10411522633744853 0.055144032921810755 0.04622770919067221 0.0364883401920439 0.022359396433470513 0.035665294924554204 0.3288065843621399 0.1525377229080933 0.03662551440329222 0.01742112482853226 0.02331961591220852 0.024691358024691377 0.022222222222222237 0.07119341563786012
0.08030303030303039 0.05050505050505051 0.08131313131313153 0.048989898989899 0.053535353535353554 0.04696969696969696 0.09242424242424249 0.06818181818181823 0.10707070707070715 0.0686868686868687 0.0863636363636364 0.05050505050505052 0.04696969696969695 0.04646464646464645 0.07171717171717175
0.1863984674329502 0.029118773946360147 0.0645593869731801 0.019348659003831394 0.11819923371647514 0.0666666666666667 0.09367816091954029 0.02854406130268196 0.020306513409961664 0.029693486590038277 0.2109195402298851 0.04233716475095783 0.025095785440613003 0.04042145593869731 0.024712643678160895
0.10433604336043355 0.04607046070460707 0.03685636856368566 0.05013550135501355 0.02276422764227644 0.02262872628726289 0.29945799457994576 0.02262872628726289 0.07710027100271 0.02357723577235774 0.07899728997289968 0.13373983739837392 0.026964769647696497 0.024390243902439043 0.03035230352303525
0.027070707070707026 0.047272727272727195 0.10020202020202021 0.04363636363636358 0.08949494949494946 0.03434343434343429 0.04262626262626259 0.03858585858585855 0.10141414141414135 0.08868686868686865 0.05010101010101007 0.102020202020202 0.12626262626262622 0.06767676767676764 0.040606060606060555
0.2699004975124377 0.035820895522388055 0.05464344941956888 0.07388059701492537 0.1581260364842454 0.01459369817578773 0.08217247097844112 0.016169154228855724 0.04386401326699832 0.02835820895522387 0.06724709784411281 0.023217247097844104 0.027860696517412936 0.025704809286898823 0.07844112769485903
0.0320707070707071 0.032575757575757626 0.08333333333333331 0.02626262626262628 0.03838383838383842 0.03611111111111114 0.43282828282828256 0.03686868686868689 0.026262626262626272 0.05378787878787883 0.04242424242424247 0.05732323232323235 0.03181818181818186 0.030808080808080836 0.03914141414141418
0.039629629629629605 0.03925925925925924 0.0585185185185185 0.03777777777777777 0.04037037037037036 0.03851851851851851 0.051111111111111086 0.037407407407407396 0.17333333333333312 0.1877777777777776 0.038888888888888876 0.08851851851851845 0.07888888888888886 0.041111111111111105 0.04888888888888887
0.15265700483091788 0.060869565217391404 0.05217391304347834 0.04830917874396142 0.048792270531401054 0.04975845410628028 0.06038647342995177 0.05265700483091796 0.047826086956521824 0.13478260869565223 0.0473429951690822 0.047826086956521824 0.04830917874396145 0.0980676328502416 0.0502415458937199
0.04676616915422885 0.023383084577114452 0.10663349917081265 0.02072968490878942 0.040630182421227186 0.030679933665008274 0.0661691542288557 0.020563847429519097 0.05356550580431175 0.04908789386401326 0.39502487562189037 0.026036484245439452 0.026865671641791038 0.061525704809286874 0.03233830845771145
0.034141414141414084 0.07313131313131305 0.06444444444444443 0.022424242424242378 0.1543434343434344 0.08929292929292924 0.03656565656565652 0.03212121212121207 0.17191919191919192 0.13959595959595958 0.04020202020202017 0.026868686868686827 0.052121212121212075 0.024848484848484807 0.037979797979797926
0.022222222222222223 0.03767361111111111 0.0375 0.1046875 0.041666666666666664 0.03819444444444445 0.051909722222222225 0.21961805555555555 0.03125 0.019270833333333334 0.10607638888888889 0.033680555555555554 0.03315972222222222 0.0265625 0.19652777777777777
0.09896640826873397 0.022825150732127496 0.023772609819121465 0.07769164513350568 0.14263565891472885 0.17217915590008637 0.03316106804478901 0.027820844099913897 0.01584840654608098 0.035831180017226565 0.035400516795865665 0.15727820844099935 0.08923341946597771 0.018604651162790715 0.048751076658053456
0.08406708595387849 0.04444444444444447 0.06394129979035643 0.02348008385744236 0.18301886792452834 0.1421383647798743 0.044025157232704455 0.045073375262054544 0.03186582809224322 0.02557651991614259 0.08972746331236904 0.03752620545073379 0.07106918238993719 0.034800838574423516 0.079245283018868
0.029532163742690038 0.03713450292397661 0.05380116959064325 0.030701754385964893 0.09444444444444443 0.0394736842105263 0.07807017543859646 0.05438596491228069 0.0353801169590643 0.048245614035087696 0.0666666666666666 0.06812865497076019 0.26666666666666655 0.03391812865497073 0.06345029239766078
0.23771517996870098 0.015962441314553974 0.06228482003129888 0.018153364632237854 0.028638497652582137 0.08184663536776218 0.018153364632237854 0.020031298904538326 0.058059467918622834 0.05101721439749606 0.11987480438184668 0.02613458528951484 0.1871674491392801 0.01768388106416274 0.0572769953051643
0.09702660406885766 0.17355242566510173 0.07402190923317686 0.020970266040688555 0.05555555555555554 0.031142410015649425 0.05242566510172145 0.03755868544600936 0.08247261345852898 0.10203442879499215 0.07214397496087639 0.04507042253521123 0.04131455399061029 0.05195618153364631 0.06275430359937402
0.09391534391534385 0.03915343915343911 0.043650793650793614 0.0333333333333333 0.035714285714285685 0.04047619047619043 0.055555555555555525 0.05291005291005286 0.03280423280423276 0.056349206349206274 0.046825396825396784 0.1783068783068782 0.1158730158730157 0.14153439153439137 0.03359788359788356
0.09113756613756606 0.015476190476190458 0.10092592592592595 0.02050264550264548 0.216005291005291 0.14034391534391533 0.04576719576719572 0.03809523809523806 0.06362433862433856 0.029232804232804194 0.05092592592592586 0.031349206349206314 0.04007936507936505 0.03386243386243382 0.0826719576719576
0.14270152505446604 0.023965141612200414 0.07015250544662302 0.05686274509803914 0.10522875816993452 0.15708061002178625 0.04509803921568624 0.03769063180827884 0.04880174291938994 0.036165577342047894 0.0538126361655773 0.038997821350762484 0.033333333333333305 0.10871459694989095 0.04139433551198252
0.056402116402116356 0.01936507936507934 0.12190476190476189 0.11417989417989403 0.018306878306878285 0.17470899470899448 0.02507936507936506 0.023809523809523787 0.05481481481481475 0.10730158730158718 0.06772486772486765 0.06592592592592587 0.06878306878306871 0.05756613756613752 0.024126984126984104
0.09543650793650789 0.06884920634920634 0.08115079365079365 0.021428571428571422 0.0484126984126984 0.12678571428571433 0.04226190476190475 0.05654761904761904 0.13134920634920638 0.033730158730158694 0.052777777777777805 0.09226190476190474 0.04841269841269838 0.05634920634920636 0.04424603174603173
0.1013295346628679 0.021747388414055067 0.11054131054131043 0.056220322886989464 0.11699905033238349 0.10294396961063616 0.01785375118708451 0.02336182336182335 0.013390313390313381 0.03314339981006643 0.14463437796771114 0.049097815764482376 0.13219373219373204 0.02269705603038935 0.05384615384615378
0.02987987987987989 0.01816816816816818 0.04879879879879882 0.05390390390390388 0.11231231231231224 0.02012012012012013 0.11996996996997002 0.02612612612612614 0.021771771771771777 0.034834834834834884 0.2645645645645646 0.037987987987988005 0.03483483483483484 0.13408408408408412 0.04264264264264266
0.0317460317460317 0.18650793650793626 0.056349206349206295 0.034656084656084614 0.04100529100529096 0.12248677248677235 0.0407407407407407 0.03941798941798937 0.08359788359788353 0.049206349206349156 0.08941798941798934 0.034391534391534355 0.03518518518518514 0.09629629629629623 0.058994708994708926
0.030158730158730124 0.02925170068027209 0.10294784580498868 0.08412698412698415 0.03151927437641722 0.05124716553287978 0.03287981859410426 0.02789115646258503 0.04263038548752834 0.03469387755102037 0.09478458049886618 0.05759637188208609 0.13469387755102044 0.10566893424036285 0.1399092970521542
0.1772357723577235 0.030081300813008145 0.08577235772357714 0.061924119241192406 0.05555555555555554 0.12506775067750675 0.02384823848238484 0.02899728997289975 0.09593495934959344 0.08021680216802166 0.12750677506775057 0.022222222222222237 0.032791327913279156 0.020867208672086735 0.03197831978319786
0.057679738562091444 0.023747276688453132 0.05974945533769059 0.0635620915032679 0.03398692810457513 0.13927015250544664 0.028267973856209123 0.03224400871459691 0.02717864923747274 0.06013071895424828 0.06982570806100209 0.022712418300653573 0.34537037037037055 0.023093681917211305 0.01318082788671023
0.21470588235294102 0.1565359477124181 0.038235294117646985 0.033333333333333263 0.03529411764705876 0.0633986928104574 0.03725490196078425 0.04967320261437902 0.06830065359477115 0.04803921568627443 0.04477124183006529 0.03235294117647052 0.03496732026143785 0.09019607843137245 0.05294117647058816
0.045424836601307125 0.04575163398692802 0.06568627450980381 0.09542483660130704 0.04313725490196071 0.06993464052287572 0.1581699346405227 0.04934640522875809 0.044444444444444384 0.0954248366013071 0.07483660130718944 0.07091503267973849 0.04150326797385614 0.06830065359477115 0.03169934640522869
0.04626593806921672 0.02349726775956285 0.15227686703096535 0.07285974499089254 0.053916211293260435 0.03661202185792346 0.06284153005464475 0.20200364298724963 0.04480874316939888 0.049908925318761344 0.059927140255009066 0.02877959927140254 0.02768670309653915 0.026775956284153014 0.11183970856102
0.04750957854406126 0.06704980842911873 0.06743295019157088 0.16053639846743287 0.08199233716475099 0.04559386973180074 0.07547892720306514 0.0659003831417624 0.09003831417624522 0.039080459770114886 0.06590038314176241 0.05172413793103443 0.04061302681992333 0.042145593869731754 0.05900383141762448
0.20262843488649945 0.10585424133811233 0.03178016726403821 0.07921146953405012 0.025567502986857813 0.027956989247311808 0.021146953405017908 0.022819593787335706 0.039904420549581814 0.051971326164874515 0.04289127837514931 0.03166069295101551 0.25818399044205503 0.017801672640382307 0.04062126642771802
0.04999999999999998 0.13777777777777767 0.06518518518518514 0.039629629629629626 0.046666666666666676 0.0448148148148148 0.03925925925925925 0.16370370370370355 0.06370370370370368 0.055925925925925914 0.11111111111111108 0.0411111111111111 0.04592592592592593 0.03777777777777776 0.05740740740740739
0.044444444444444474 0.054666666666666704 0.04844444444444448 0.04222222222222225 0.055555555555555594 0.0506666666666667 0.10133333333333336 0.05955555555555559 0.04755555555555559 0.05066666666666669 0.07688888888888895 0.048000000000000036 0.09600000000000004 0.17599999999999985 0.048000000000000036
0.023214285714285694 0.03055555555555553 0.028174603174603154 0.021230158730158717 0.03333333333333329 0.03194444444444443 0.06468253968253966 0.5194444444444444 0.03373015873015871 0.02242063492063491 0.052579365079365066 0.029166666666666646 0.023412698412698413 0.02678571428571427 0.059325396825396844
0.019894179894179877 0.03936507936507931 0.047195767195767166 0.03788359788359783 0.031851851851851826 0.3526984126984122 0.034814814814814785 0.021798941798941776 0.057671957671957624 0.055343915343915286 0.11291005291005281 0.019047619047619032 0.06814814814814807 0.03894179894179891 0.06243386243386237
0.052173913043478334 0.10869565217391308 0.09565217391304351 0.04685990338164258 0.05507246376811604 0.05507246376811602 0.05942028985507253 0.056521739130434866 0.057971014492753714 0.07777777777777788 0.08985507246376818 0.050724637681159486 0.06376811594202908 0.04927536231884066 0.08115942028985516
0.06055555555555546 0.06388888888888879 0.07888888888888881 0.06333333333333324 0.06388888888888881 0.06611111111111104 0.06055555555555547 0.05944444444444435 0.0638888888888888 0.06222222222222213 0.05777777777777769 0.06611111111111101 0.06666666666666658 0.08444444444444436 0.08222222222222215
0.10162962962962963 0.015407407407407415 0.07066666666666668 0.018962962962962973 0.10118518518518524 0.05688888888888894 0.021333333333333343 0.021481481481481483 0.01555555555555555 0.04296296296296294 0.022814814814814822 0.056296296296296316 0.35407407407407426 0.07348148148148152 0.027259259259259257
0.06161616161616168 0.05101010101010104 0.05909090909090916 0.04696969696969695 0.056060606060606116 0.05757575757575762 0.08030303030303035 0.055555555555555566 0.07878787878787887 0.13686868686868692 0.07676767676767682 0.0494949494949495 0.06515151515151518 0.07474747474747476 0.05000000000000001
0.01902937420178801 0.0339719029374202 0.052873563218390804 0.04482758620689651 0.027969348659003863 0.07343550446998727 0.018646232439335893 0.06257982120051085 0.4464878671775222 0.0554278416347382 0.06219667943805875 0.03767560664112391 0.018263090676883795 0.02081736909323116 0.025798212005108578
0.14565217391304344 0.027294685990338206 0.09347826086956523 0.028502415458937246 0.06449275362318842 0.05458937198067636 0.07318840579710144 0.028502415458937242 0.032367149758454145 0.0364734299516909 0.03478260869565222 0.1108695652173913 0.16570048309178748 0.07318840579710148 0.030917874396135313
0.041666666666666644 0.05992063492063492 0.059126984126984077 0.04206349206349203 0.04365079365079362 0.05873015873015869 0.048809523809523775 0.22777777777777777 0.046825396825396805 0.05952380952380948 0.08293650793650792 0.04484126984126983 0.07222222222222216 0.06547619047619044 0.04642857142857141
0.0448275862068965 0.11379310344827602 0.07049808429118769 0.03678160919540226 0.07164750957854404 0.0559386973180076 0.04329501915708809 0.04291187739463597 0.07471264367816094 0.06436781609195394 0.0490421455938697 0.04865900383141759 0.05249042145593865 0.18122605363984687 0.049808429118773916
0.05256410256410252 0.04017094017094012 0.07051282051282044 0.042307692307692255 0.04487179487179485 0.04999999999999995 0.051282051282051246 0.07094017094017087 0.044444444444444425 0.061111111111111074 0.1149572649572648 0.04914529914529911 0.0572649572649572 0.19529914529914522 0.0551282051282051
0.042499999999999954 0.028888888888888846 0.06638888888888886 0.02972222222222217 0.15333333333333335 0.08416666666666671 0.031388888888888834 0.02805555555555551 0.03138888888888885 0.03499999999999996 0.2480555555555557 0.03666666666666662 0.07388888888888889 0.06499999999999997 0.04555555555555553
0.03861788617886181 0.015447154471544726 0.06626016260162593 0.01612466124661248 0.28170731707317065 0.04837398373983741 0.06883468834688343 0.08915989159891594 0.02181571815718159 0.02818428184281845 0.15623306233062326 0.04159891598915992 0.05542005420054201 0.021951219512195138 0.05027100271002712
0.03656565656565651 0.03232323232323228 0.09616161616161616 0.029494949494949442 0.030303030303030255 0.026868686868686823 0.0345454545454545 0.413939393939394 0.07757575757575753 0.05474747474747469 0.03858585858585853 0.0244444444444444 0.0238383838383838 0.048484848484848415 0.03212121212121208
0.03395061728395055 0.030555555555555503 0.05061728395061723 0.02962962962962958 0.05679012345679006 0.036728395061728335 0.030864197530864144 0.38580246913580246 0.034567901234567835 0.04876543209876537 0.04938271604938265 0.04444444444444439 0.04969135802469131 0.06296296296296287 0.05524691358024687
0.03703703703703699 0.04430199430199425 0.04387464387464383 0.024928774928774898 0.042165242165242124 0.03290598290598288 0.045014245014244975 0.10740740740740728 0.028917378917378885 0.039458689458689425 0.10569800569800564 0.04159544159544156 0.06923076923076919 0.08390313390313381 0.2535612535612535
0.051690821256038716 0.05169082125603874 0.09227053140096625 0.04975845410628028 0.0787439613526571 0.10628019323671502 0.04879227053140105 0.04975845410628028 0.0473429951690822 0.059903381642512216 0.05507246376811603 0.05893719806763294 0.07777777777777786 0.11594202898550719 0.05603864734299525
0.30078662733529976 0.01563421828908556 0.03008849557522122 0.036578171091445434 0.1475909537856441 0.017797443461160297 0.022025565388397266 0.034119960668633244 0.01740412979351034 0.019174041297935124 0.13107177974434608 0.055260570304818096 0.0264503441494592 0.08318584070796461 0.06283185840707962
0.03918128654970758 0.04035087719298246 0.051461988304093556 0.029532163742690055 0.20964912280701758 0.09999999999999996 0.038304093567251445 0.029532163742690045 0.03918128654970758 0.03391812865497073 0.14532163742690046 0.058479532163742666 0.05438596491228067 0.06461988304093562 0.0660818713450292
0.15555555555555536 0.026324786324786294 0.04837606837606833 0.020512820512820485 0.10188034188034181 0.037606837606837584 0.04837606837606833 0.029743589743589698 0.05247863247863243 0.028547008547008503 0.2694017094017091 0.03247863247863245 0.07111111111111106 0.03658119658119656 0.041025641025641005
0.047342995169082205 0.14444444444444451 0.07053140096618361 0.045410628019323745 0.047826086956521824 0.047342995169082205 0.047342995169082205 0.046376811594202975 0.0473429951690822 0.04927536231884069 0.08792270531400982 0.04492753623188414 0.05507246376811603 0.1647342995169083 0.054106280193236815
0.05310245310245311 0.019624819624819583 0.123088023088023 0.05598845598845594 0.025974025974025945 0.048484848484848464 0.05396825396825394 0.021645021645021616 0.3844155844155845 0.06681096681096678 0.03520923520923518 0.027272727272727247 0.04083694083694078 0.01832611832611829 0.025252525252525224
0.020400728597449926 0.03479052823315117 0.045173041894353325 0.026593806921675768 0.1038251366120219 0.08506375227686704 0.04808743169398905 0.039344262295081964 0.19143897996357007 0.0808743169398907 0.06193078324225861 0.09471766848816028 0.07377049180327866 0.04207650273224041 0.05191256830601088
0.04960317460317455 0.06428571428571425 0.06349206349206346 0.04246031746031742 0.05674603174603171 0.16825396825396824 0.042063492063492025 0.04603174603174601 0.052777777777777736 0.05396825396825396 0.05119047619047617 0.044444444444444405 0.08134920634920628 0.1277777777777778 0.05555555555555552
0.02378472222222222 0.017534722222222222 0.02361111111111111 0.10364583333333334 0.03611111111111111 0.2859375 0.025694444444444443 0.0265625 0.04809027777777778 0.024826388888888887 0.02673611111111111 0.042534722222222224 0.2142361111111111 0.04548611111111111 0.05520833333333333
0.42320675105485217 0.01490857946554149 0.039521800281294005 0.016174402250351626 0.0428973277074543 0.024331926863572443 0.060900140646976145 0.050070323488045035 0.04838255977496487 0.01870604781997188 0.14219409282700418 0.049367088607594964 0.019831223628691975 0.016877637130801697 0.03263009845288326
0.35847362514029174 0.02345679012345679 0.04893378226711559 0.013243546576879903 0.09809203142536474 0.033782267115600444 0.025140291806958464 0.019079685746352416 0.03411896745230075 0.025701459034792363 0.14994388327721658 0.028507295173961816 0.08114478114478109 0.03490460157126822 0.0254769921436588
0.1144620811287477 0.05573192239858901 0.0423280423280423 0.01975308641975305 0.24585537918871225 0.08271604938271598 0.02645502645502642 0.03403880070546734 0.06349206349206342 0.02574955908289238 0.053615520282186885 0.044797178130511435 0.043033509700176324 0.03192239858906522 0.11604938271604927
0.06284722222222222 0.04097222222222222 0.08472222222222223 0.035416666666666666 0.049305555555555554 0.05520833333333333 0.08611111111111111 0.10208333333333333 0.06388888888888888 0.052083333333333336 0.12638888888888888 0.06111111111111111 0.049305555555555554 0.07604166666666666 0.05451388888888889
0.05842293906810032 0.03548387096774191 0.06236559139784942 0.03870967741935481 0.08853046594982072 0.15053763440860227 0.04014336917562721 0.05663082437275982 0.04587813620071682 0.04480286738351252 0.05842293906810032 0.04336917562724011 0.15698924731182803 0.05017921146953402 0.06953405017921142
0.02144249512670569 0.05477582846003899 0.030604288499025377 0.020077972709551695 0.022807017543859675 0.0265107212475634 0.02280701754385969 0.3766081871345029 0.11325536062378168 0.022417153996101405 0.029434697855750525 0.03313840155945424 0.046198830409356746 0.07621832358674464 0.10370370370370365
0.03949394939493952 0.019361936193619374 0.07227722772277233 0.04235423542354238 0.03905390539053908 0.019251925192519264 0.03883388338833886 0.02585258525852587 0.031243124312431265 0.03993399339933996 0.04961496149614965 0.24686468646864676 0.2424642464246424 0.04554455445544558 0.047854785478547886
0.047736625514403316 0.04156378600823049 0.10699588477366254 0.044855967078189354 0.046090534979423906 0.05967078189300417 0.07736625514403297 0.0510288065843622 0.08641975308641978 0.04897119341563791 0.061316872427983615 0.05473251028806588 0.05555555555555561 0.16008230452674896 0.057613168724279885
0.2855555555555555 0.020277777777777756 0.1111111111111111 0.01902777777777775 0.021111111111111084 0.04097222222222225 0.02861111111111111 0.04888888888888887 0.03333333333333333 0.04166666666666668 0.019166666666666634 0.1368055555555556 0.12666666666666668 0.02652777777777776 0.04027777777777778
0.017215069146399625 0.01573676680972818 0.03819742489270386 0.07930376728659991 0.030138292799237007 0.35126371006199336 0.03447782546494992 0.056890796375774946 0.12093466857415346 0.014592274678111593 0.11840724845016688 0.012541726275631854 0.029041487839771115 0.03147353361945637 0.04978540772532189
0.02552552552552556 0.13858858858858855 0.03273273273273276 0.018618618618618632 0.021621621621621637 0.02612612612612615 0.04234234234234237 0.1096096096096096 0.23453453453453454 0.06726726726726727 0.027627627627627646 0.035435435435435446 0.05465465465465461 0.08438438438438438 0.08093093093093094
0.0468253968253968 0.056349206349206295 0.09047619047619043 0.03888888888888886 0.03769841269841267 0.046825396825396784 0.04642857142857142 0.044047619047619044 0.20793650793650786 0.13095238095238096 0.043650793650793634 0.04444444444444441 0.04563492063492063 0.07341269841269836 0.04642857142857141
0.10362318840579714 0.042270531400966226 0.13140096618357486 0.02729468599033821 0.24009661835748794 0.055797101449275396 0.039371980676328557 0.032367149758454145 0.06183574879227054 0.042512077294686035 0.05869565217391303 0.04661835748792274 0.04758454106280196 0.029227053140096673 0.04130434782608701
0.028535353535353556 0.024747474747474754 0.06616161616161617 0.07601010101010106 0.025252525252525245 0.2825757575757577 0.026262626262626272 0.026515151515151523 0.05000000000000004 0.03207070707070714 0.02828282828282829 0.02626262626262627 0.20151515151515156 0.07575757575757577 0.03005050505050508
0.022065727699530496 0.03646322378716741 0.034898278560250365 0.05696400625978093 0.04287949921752735 0.024569640062597785 0.06040688575899846 0.12034428794992179 0.03677621283255083 0.030829420970266013 0.03693270735524254 0.03990610328638494 0.02316118935837244 0.06838810641627545 0.36541471048513297
0.02644444444444446 0.024666666666666684 0.2455555555555556 0.02711111111111113 0.05688888888888889 0.15644444444444439 0.03066666666666669 0.036666666666666695 0.04000000000000003 0.05533333333333327 0.05399999999999995 0.04755555555555556 0.05155555555555552 0.10133333333333326 0.0457777777777778
0.04755555555555559 0.07022222222222227 0.06488888888888891 0.04400000000000003 0.08311111111111116 0.044888888888888916 0.05155555555555559 0.056444444444444485 0.12666666666666662 0.06577777777777782 0.10533333333333332 0.045333333333333364 0.048000000000000036 0.08577777777777783 0.06044444444444449
0.03999999999999999 0.059999999999999956 0.09814814814814814 0.04037037037037035 0.04074074074074074 0.06851851851851848 0.04407407407407408 0.05518518518518518 0.0766666666666666 0.04222222222222222 0.0729629629629629 0.22888888888888897 0.038148148148148146 0.041111111111111105 0.05296296296296294
0.04555555555555555 0.07851851851851847 0.041851851851851855 0.03592592592592591 0.04629629629629629 0.03888888888888887 0.07851851851851849 0.08888888888888884 0.0733333333333333 0.1274074074074073 0.12888888888888878 0.04925925925925926 0.04074074074074076 0.07851851851851847 0.0474074074074074
0.023063973063973047 0.07457912457912463 0.10420875420875422 0.022222222222222206 0.02272727272727271 0.031481481481481464 0.02558922558922557 0.026430976430976413 0.13905723905723913 0.03131313131313129 0.04444444444444441 0.1786195286195286 0.20000000000000004 0.0392255892255892 0.03703703703703701
0.05862068965517236 0.08160919540229887 0.05785440613026819 0.03754789272030647 0.04597701149425284 0.04329501915708807 0.049808429118773895 0.04712643678160915 0.038314176245210683 0.08697318007662837 0.27892720306513424 0.04137931034482755 0.04291187739463597 0.04444444444444441 0.04521072796934859
0.33165755919854284 0.008087431693989063 0.05642987249544627 0.039125683060109294 0.05566484517304187 0.0685974499089253 0.0638615664845173 0.026302367941712212 0.04021857923497268 0.013406193078324219 0.14291438979963564 0.04491803278688524 0.07264116575591988 0.016174863387978137 0.019999999999999997
0.04564102564102561 0.028205128205128185 0.03264957264957262 0.022564102564102528 0.20923076923076908 0.029914529914529867 0.03521367521367518 0.0632478632478632 0.020341880341880315 0.04034188034188029 0.1579487179487178 0.14478632478632464 0.06205128205128199 0.06307692307692302 0.044786324786324744
0.028460038986354803 0.04580896686159849 0.062183235867446375 0.06413255360623779 0.028070175438596523 0.04307992202729048 0.03508771929824565 0.043469785575048776 0.023196881091617962 0.024756335282651105 0.08713450292397658 0.0551656920077973 0.03859649122807021 0.09181286549707601 0.32904483430799203
0.11416666666666665 0.03277777777777773 0.07888888888888888 0.0344444444444444 0.09138888888888888 0.044166666666666625 0.09527777777777777 0.07694444444444447 0.06861111111111111 0.06166666666666666 0.10638888888888894 0.06388888888888891 0.04083333333333329 0.036944444444444405 0.05361111111111108
0.4424329501915709 0.0246168582375479 0.029310344827586234 0.055842911877394694 0.14607279693486583 0.032375478927203084 0.021934865900383134 0.01590038314176244 0.061398467432950195 0.048850574712643695 0.02193486590038313 0.017049808429118768 0.021455938697318003 0.04367816091954026 0.017145593869731798
0.14531835205992513 0.01410736579275907 0.04257178526841449 0.0807740324594257 0.025717852684144834 0.18876404494382013 0.11660424469413236 0.024719101123595523 0.041198501872659166 0.05205992509363295 0.034332084893882654 0.038951310861423206 0.1465667915106118 0.018601747815230982 0.029712858926342074
0.04444444444444441 0.056902356902356864 0.05656565656565653 0.036026936026936 0.040067340067340036 0.05050505050505047 0.07239057239057235 0.053535353535353505 0.12424242424242429 0.12188552188552192 0.14410774410774418 0.05218855218855215 0.04343434343434341 0.05454545454545451 0.04915824915824912
0.030555555555555565 0.045580808080808076 0.11931818181818188 0.11199494949494948 0.028030303030303037 0.05353535353535355 0.028030303030303034 0.018686868686868703 0.0765151515151515 0.04949494949494953 0.03901515151515155 0.08724747474747471 0.2411616161616163 0.04873737373737374 0.022095959595959606
0.06623376623376621 0.018037518037518012 0.0896103896103896 0.017604617604617574 0.26911976911976915 0.05440115440115438 0.03896103896103893 0.03448773448773447 0.04329004329004327 0.029292929292929253 0.07705627705627703 0.07243867243867243 0.08773448773448772 0.07792207792207788 0.02380952380952378
0.06008230452674901 0.06954732510288068 0.057613168724279885 0.04279835390946508 0.051028806584362166 0.054732510288065916 0.0563786008230453 0.05761316872427989 0.07242798353909471 0.068724279835391 0.1584362139917696 0.04279835390946506 0.049794238683127615 0.08559670781893007 0.0724279835390947
0.27819706498951785 0.0409853249475891 0.06257861635220129 0.049161425576519945 0.019916142557652027 0.0267295597484277 0.08008385744234806 0.1753668763102726 0.07651991614255767 0.050524109014675064 0.02788259958071283 0.02337526205450737 0.025157232704402555 0.014465408805031459 0.04905660377358492
0.06079664570230614 0.012788259958071278 0.21362683438155144 0.07260656883298397 0.05283018867924532 0.15597484276729567 0.0180293501048218 0.017190775681341718 0.13920335429769398 0.03647798742138369 0.07952480782669469 0.014884696016771488 0.04633123689727468 0.029350104821802954 0.05038434661076176
0.062037037037036974 0.12407407407407409 0.0929012345679012 0.03796296296296291 0.04320987654320983 0.0432098765432098 0.057716049382715975 0.05956790123456783 0.054938271604938194 0.18086419753086408 0.06604938271604929 0.04197530864197525 0.033024691358024626 0.05771604938271598 0.04475308641975303
