0.060919540229885036 0.05517241379310339 0.07816091954022983 0.055938697318007644 0.056321839080459735 0.05249042145593864 0.19731800766283542 0.04750957854406126 0.041379310344827544 0.07088122605363979 0.04942528735632179 0.08007662835249044 0.04636015325670492 0.06743295019157083 0.04061302681992334
0.040713706407137056 0.011922141119221408 0.05677210056772101 0.03706407137064071 0.3244931062449311 0.018896999188970007 0.03422546634225469 0.02944038929440392 0.01922141119221412 0.1087591240875913 0.01954582319545824 0.10778588807785891 0.030413625304136258 0.1321167883211679 0.028629359286293597
0.09128540305010881 0.037037037037036986 0.06165577342047921 0.2551198257080608 0.049019607843137206 0.03159041394335508 0.05206971677559908 0.023529411764705868 0.06122004357298464 0.026579520697167732 0.12810457516339854 0.04422657952069711 0.060348583877995604 0.03725490196078428 0.04095860566448797
0.030623306233062354 0.06666666666666672 0.06829268292682932 0.2214092140921408 0.03089430894308945 0.03821138211382116 0.030894308943089453 0.029268292682926845 0.21951219512195108 0.02981029810298105 0.04308943089430897 0.03333333333333336 0.0596205962059621 0.031436314363143654 0.0669376693766938
0.0802222222222222 0.044111111111111094 0.04411111111111109 0.040777777777777746 0.015555555555555564 0.021111111111111122 0.014444444444444454 0.016666666666666677 0.024666666666666674 0.014777777777777786 0.01700000000000001 0.02177777777777779 0.5718888888888887 0.04244444444444442 0.03044444444444444
0.030930930930930935 0.03873873873873876 0.03693693693693697 0.1135135135135135 0.03153153153153154 0.04924924924924931 0.030030030030030033 0.04264264264264265 0.2675675675675675 0.13573573573573566 0.03393393393393396 0.04084084084084088 0.04054054054054058 0.07297297297297295 0.03483483483483486
0.0461538461538461 0.04230769230769226 0.061111111111111054 0.05042735042735039 0.051709401709401644 0.05299145299145295 0.048290598290598244 0.1055555555555555 0.04188034188034184 0.12991452991452976 0.053418803418803354 0.12008547008546995 0.04316239316239312 0.09017094017094004 0.06282051282051278
0.04444444444444448 0.06790123456790133 0.054732510288065916 0.1962962962962963 0.04362139917695476 0.056790123456790166 0.128395061728395 0.04115226337448564 0.09259259259259264 0.043209876543209916 0.05102880658436219 0.046090534979423906 0.04691358024691361 0.04485596707818934 0.041975308641975344
0.0434343434343434 0.08181818181818176 0.05925925925925922 0.060942760942760896 0.05319865319865316 0.04074074074074071 0.03838383838383836 0.2737373737373739 0.04040404040404037 0.04141414141414139 0.05420875420875417 0.04276094276094273 0.03939393939393936 0.060942760942760896 0.0693602693602693
0.03703703703703708 0.02884990253411309 0.058674463937621796 0.03255360623781681 0.07231968810916178 0.09785575048732945 0.026315789473684244 0.04269005847953219 0.022807017543859682 0.027680311890838243 0.04385964912280704 0.08460038986354776 0.08148148148148147 0.046783625730994156 0.29649122807017536
0.006867283950617274 0.03263888888888889 0.01755401234567901 0.010570987654320973 0.01836419753086419 0.09857253086419758 0.007253086419753077 0.5444444444444444 0.005478395061728388 0.006983024691358017 0.023649691358024687 0.03722993827160492 0.0306712962962963 0.08761574074074073 0.07210648148148145
0.06776212832550862 0.061658841940532075 0.03990610328638495 0.08591549295774653 0.29859154929577447 0.028169014084507015 0.022378716744913908 0.026604068857589962 0.035680751173708884 0.028012519561815313 0.05758998435054771 0.03630672926447571 0.12363067292644758 0.053208137715179966 0.03458528951486695
0.1577777777777776 0.14560846560846544 0.053121693121693084 0.053439153439153404 0.017566137566137542 0.3094179894179891 0.04412698412698409 0.015026455026455015 0.017354497354497334 0.04751322751322747 0.022962962962962945 0.03703703703703701 0.019365079365079352 0.03957671957671956 0.02010582010582009
0.10157828282828277 0.011363636363636373 0.0215909090909091 0.047095959595959594 0.012184343434343443 0.018939393939393943 0.04223484848484848 0.013446969696969699 0.010353535353535361 0.00959595959595961 0.016792929292929304 0.07386363636363635 0.019696969696969695 0.04652777777777778 0.5547348484848486
0.2631191432396252 0.012583668005354745 0.08929049531459168 0.44745649263721565 0.008567603748326639 0.030254350736278437 0.011847389558232934 0.010441767068273093 0.05448460508701471 0.0107764390896921 0.009370816599732257 0.013453815261044179 0.014257028112449804 0.012382864792503345 0.011713520749665323
0.03825136612021855 0.04043715846994532 0.08160291438979958 0.09672131147540981 0.05209471766848812 0.053551912568305944 0.24335154826958091 0.025136612021857938 0.05810564663023678 0.030418943533697614 0.027686703096539162 0.05100182149362474 0.03570127504553731 0.09489981785063747 0.0710382513661202
0.045117845117845085 0.03535353535353533 0.04646464646464643 0.037373737373737344 0.05420875420875417 0.048148148148148114 0.03905723905723903 0.08686868686868682 0.03670033670033667 0.31683501683501697 0.053872053872053835 0.04949494949494946 0.04410774410774408 0.06868686868686864 0.03771043771043768
0.03043478260869571 0.04661835748792275 0.07149758454106281 0.28623188405797106 0.03502415458937203 0.03574879227053145 0.034057971014492795 0.08309178743961353 0.044685990338164325 0.029710144927536285 0.048792270531400984 0.07753623188405795 0.039613526570048345 0.10338164251207728 0.033574879227053184
0.033333333333333263 0.0584967320261437 0.10816993464052278 0.05032679738562083 0.04084967320261431 0.05359477124183 0.05294117647058816 0.15098039215686254 0.08071895424836589 0.10228758169934624 0.04444444444444437 0.03758169934640516 0.038562091503267906 0.11078431372549005 0.03692810457516333
0.02999999999999999 0.026666666666666655 0.04777777777777777 0.02592592592592591 0.035925925925925896 0.06907407407407401 0.03499999999999996 0.04462962962962963 0.025925925925925918 0.036851851851851816 0.06759259259259257 0.07537037037037032 0.03444444444444442 0.04648148148148147 0.3983333333333334
0.04700854700854699 0.16880341880341862 0.05213675213675209 0.05811965811965807 0.048290598290598265 0.08675213675213665 0.05256410256410252 0.04273504273504271 0.08846153846153837 0.04401709401709398 0.04487179487179483 0.06923076923076917 0.07222222222222216 0.06794871794871787 0.05683760683760678
0.03984674329501912 0.048659003831417566 0.13256704980842912 0.03754789272030647 0.060536398467432875 0.059770114942528686 0.061685823754789246 0.16858237547892724 0.039846743295019124 0.05325670498084286 0.07318007662835248 0.05172413793103444 0.05862068965517236 0.049808429118773916 0.06436781609195395
0.04362139917695476 0.040740740740740786 0.06502057613168727 0.06543209876543216 0.041563786008230484 0.06337448559670786 0.040740740740740786 0.0452674897119342 0.07407407407407413 0.08724279835390951 0.125514403292181 0.05308641975308646 0.06172839506172844 0.14897119341563786 0.04362139917695477
0.033062330623306255 0.10975609756097555 0.04715447154471548 0.11815718157181566 0.2189701897018969 0.03685636856368567 0.04959349593495938 0.04715447154471548 0.07560975609756103 0.030623306233062354 0.045799457994579976 0.05121951219512199 0.03658536585365856 0.05392953929539298 0.04552845528455286
0.052380952380952354 0.1253968253968254 0.04246031746031744 0.06666666666666662 0.04047619047619046 0.04246031746031744 0.15079365079365084 0.11587301587301588 0.09563492063492054 0.03968253968253965 0.0464285714285714 0.041269841269841255 0.05079365079365077 0.03809523809523807 0.05158730158730157
0.17847222222222223 0.03923611111111111 0.05625 0.084375 0.03611111111111111 0.05798611111111111 0.05347222222222222 0.033680555555555554 0.03958333333333333 0.07291666666666667 0.04027777777777778 0.04236111111111111 0.04861111111111111 0.03888888888888889 0.17777777777777778
0.04747474747474746 0.056060606060606116 0.06919191919191928 0.054545454545454584 0.054040404040404055 0.055555555555555594 0.05909090909090915 0.12525252525252537 0.04595959595959594 0.052020202020202036 0.04848484848484848 0.1202020202020203 0.0757575757575758 0.08939393939393948 0.04696969696969696
0.03074074074074072 0.058333333333333307 0.03185185185185184 0.030185185185185166 0.05907407407407404 0.042962962962962946 0.47055555555555567 0.029259259259259235 0.034814814814814805 0.030555555555555555 0.0422222222222222 0.031111111111111093 0.027592592592592582 0.027777777777777776 0.05296296296296291
0.03799283154121861 0.03799283154121861 0.050896057347670214 0.04157706093189961 0.05125448028673832 0.04551971326164871 0.046236559139784916 0.10215053763440858 0.07060931899641572 0.23369175627240163 0.04695340501792111 0.05770609318996413 0.04014336917562721 0.09784946236559137 0.03942652329749101
0.0339869281045751 0.03921568627450974 0.045424836601307104 0.04411764705882344 0.04379084967320254 0.03594771241830058 0.03235294117647052 0.31503267973856225 0.032679738562091436 0.040522875816993396 0.0428104575163398 0.04869281045751628 0.09150326797385612 0.07614379084967308 0.07777777777777767
0.04090909090909096 0.08383838383838388 0.1636363636363636 0.03964646464646469 0.08080808080808083 0.04141414141414143 0.07171717171717175 0.10176767676767678 0.029797979797979827 0.054545454545454564 0.04419191919191924 0.09772727272727272 0.04545454545454548 0.07222222222222223 0.032323232323232365
0.07988505747126443 0.036973180076628344 0.0798850574712644 0.0400383141762452 0.06436781609195406 0.026436781609195374 0.02298850574712642 0.08486590038314179 0.022988505747126412 0.036781609195402305 0.0400383141762452 0.03659003831417621 0.10383141762452111 0.10325670498084298 0.22107279693486606
0.09879879879879869 0.09069069069069066 0.05735735735735739 0.14294294294294294 0.03873873873873878 0.044444444444444474 0.06036036036036041 0.06426426426426426 0.11591591591591587 0.06636636636636642 0.037237237237237285 0.0672672672672673 0.039039039039039054 0.04504504504504509 0.031531531531531556
0.09382716049382704 0.09413580246913575 0.03672839506172832 0.1969135802469135 0.03395061728395055 0.04506172839506166 0.050308641975308585 0.041975308641975226 0.19506172839506178 0.035802469135802414 0.02962962962962957 0.03425925925925919 0.041666666666666595 0.035802469135802414 0.03487654320987648
0.03518518518518519 0.07962962962962955 0.04148148148148148 0.05259259259259259 0.04296296296296296 0.03925925925925924 0.035185185185185174 0.1959259259259258 0.03814814814814814 0.21148148148148127 0.038518518518518494 0.0374074074074074 0.05814814814814813 0.05777777777777778 0.03629629629629628
0.05833333333333324 0.052222222222222135 0.07333333333333324 0.20333333333333325 0.052222222222222135 0.055555555555555476 0.0538888888888888 0.053888888888888806 0.05611111111111101 0.05166666666666657 0.0538888888888888 0.05833333333333324 0.05777777777777769 0.06388888888888883 0.05555555555555547
0.014716703458425328 0.021559970566593097 0.028697571743929364 0.02634289919058131 0.019205298013245047 0.08241353936718172 0.02744665194996321 0.030095658572479773 0.011258278145695367 0.013171449595290662 0.04650478292862399 0.04150110375275938 0.023252391464312003 0.11008094186902133 0.5037527593818986
0.08727598566308246 0.03835125448028671 0.09659498207885309 0.023118279569892458 0.041218637992831514 0.2116487455197133 0.04175627240143366 0.07634408602150547 0.02293906810035841 0.03888888888888886 0.10071684587813626 0.058781362007168485 0.03064516129032256 0.10824372759856635 0.023476702508960556
0.04629629629629626 0.04768518518518517 0.08935185185185182 0.04861111111111106 0.09305555555555557 0.05740740740740745 0.050462962962962946 0.16666666666666666 0.04861111111111106 0.04861111111111105 0.056018518518518565 0.06481481481481483 0.05601851851851852 0.07916666666666666 0.04722222222222219
0.024382716049382688 0.024228395061728355 0.06157407407407411 0.024382716049382677 0.02885802469135798 0.1151234567901234 0.050771604938271576 0.34799382716049393 0.017129629629629602 0.019907407407407377 0.0296296296296296 0.09089506172839507 0.07824074074074075 0.056018518518518495 0.03086419753086416
0.04351851851851847 0.13148148148148142 0.050462962962962925 0.09629629629629627 0.04537037037037032 0.04675925925925923 0.053240740740740755 0.1388888888888889 0.0537037037037037 0.075 0.045833333333333295 0.06342592592592597 0.05416666666666667 0.05879629629629632 0.0430555555555555
0.034375 0.043402777777777776 0.06076388888888889 0.09722222222222222 0.22256944444444443 0.05381944444444445 0.03958333333333333 0.05416666666666667 0.10173611111111111 0.03854166666666667 0.044444444444444446 0.052083333333333336 0.04895833333333333 0.06875 0.03958333333333333
0.04266666666666669 0.045333333333333364 0.04755555555555559 0.0417777777777778 0.046222222222222255 0.12844444444444442 0.0506666666666667 0.05244444444444448 0.04266666666666669 0.04355555555555558 0.21644444444444438 0.04311111111111114 0.07022222222222227 0.07733333333333338 0.05155555555555559
0.04398148148148143 0.045833333333333295 0.06527777777777782 0.04861111111111109 0.056018518518518474 0.048148148148148134 0.07222222222222223 0.12037037037037038 0.04259259259259254 0.17777777777777778 0.04999999999999998 0.0740740740740741 0.048611111111111084 0.06111111111111115 0.04537037037037032
0.07333333333333328 0.09155555555555552 0.030666666666666682 0.04555555555555557 0.05533333333333334 0.050444444444444445 0.37399999999999994 0.03311111111111113 0.024666666666666684 0.022222222222222237 0.02955555555555557 0.04244444444444447 0.02711111111111113 0.07177777777777773 0.028222222222222242
0.044017094017093986 0.055982905982905944 0.06581196581196576 0.14871794871794855 0.04444444444444441 0.0508547008547008 0.049145299145299096 0.051709401709401664 0.05170940170940165 0.046153846153846115 0.04914529914529911 0.08931623931623925 0.044444444444444405 0.1611111111111109 0.04743589743589741
0.020246913580246897 0.044197530864197525 0.027283950617283923 0.024074074074074057 0.2661728395061728 0.18012345679012326 0.1270370370370369 0.03370370370370368 0.02024691358024689 0.02839506172839504 0.03123456790123455 0.04592592592592589 0.06395061728395057 0.030864197530864168 0.05654320987654317
0.024924924924924936 0.06891891891891888 0.16546546546546548 0.11081081081081082 0.02942942942942946 0.08093093093093091 0.03333333333333333 0.028528528528528548 0.018018018018018035 0.06696696696696694 0.028978978978979 0.11231231231231228 0.030630630630630644 0.1705705705705706 0.030180180180180195
0.11021505376344089 0.02831541218637991 0.0860215053763441 0.09283154121863804 0.07132616487455201 0.04139784946236556 0.04534050179211468 0.08028673835125451 0.027598566308243706 0.024910394265232956 0.04910394265232974 0.17580645161290323 0.04426523297491036 0.08709677419354844 0.03548387096774191
0.033928571428571405 0.02757936507936506 0.033134920634920614 0.0448412698412698 0.041865079365079334 0.05297619047619047 0.3999999999999999 0.024007936507936492 0.022222222222222206 0.11964285714285709 0.02857142857142855 0.03789682539682538 0.02797619047619046 0.08194444444444443 0.02341269841269839
0.04920634920634913 0.03492063492063486 0.05619047619047612 0.03523809523809518 0.04825396825396819 0.039999999999999945 0.06539682539682531 0.1774603174603173 0.03365079365079359 0.12476190476190463 0.07619047619047611 0.05174603174603165 0.07587301587301576 0.0723809523809523 0.05873015873015866
0.13461538461538441 0.06752136752136748 0.07393162393162388 0.052136752136752076 0.06239316239316235 0.05085470085470081 0.045299145299145256 0.061538461538461486 0.042307692307692275 0.05897435897435891 0.07350427350427344 0.1188034188034187 0.04401709401709399 0.06880341880341874 0.04529914529914528
0.10012771392081743 0.050063856960408694 0.043678160919540236 0.028224776500638576 0.02388250319284803 0.11966794380587488 0.3800766283524906 0.020561941251596442 0.03512132822477652 0.03550446998722861 0.024010217113665404 0.038058748403576016 0.04444444444444447 0.03333333333333334 0.023243933588761184
0.048677248677248604 0.10952380952380943 0.04973544973544966 0.07989417989417981 0.04973544973544967 0.04814814814814808 0.04814814814814808 0.1518518518518517 0.09788359788359774 0.04920634920634913 0.04814814814814808 0.06190476190476181 0.05449735449735441 0.05449735449735443 0.04814814814814808
0.4310717797443463 0.07118977384464109 0.050442477876106166 0.04906588003933137 0.014945919370698144 0.01907571288102263 0.10078662733529989 0.012094395280236 0.03421828908554571 0.06686332350049162 0.028613569321533912 0.018879056047197654 0.019370698131760098 0.06656833824975418 0.01681415929203541
0.07800925925925922 0.060648148148148166 0.0377314814814815 0.44120370370370365 0.02523148148148148 0.031481481481481485 0.02499999999999998 0.028703703703703714 0.07546296296296295 0.02962962962962965 0.025462962962962958 0.031481481481481506 0.04976851851851855 0.03148148148148147 0.028703703703703707
0.03927648578811373 0.051937984496124086 0.057881136950904445 0.035142118863049125 0.09664082687338513 0.10775193798449621 0.10568475452196394 0.06589147286821712 0.028165374677002614 0.04186046511627912 0.18036175710594327 0.07519379844961249 0.03591731266149874 0.037467700258397976 0.040826873385012966
0.02803030303030305 0.07626262626262637 0.054040404040404055 0.041919191919191946 0.03207070707070708 0.14722222222222217 0.03156565656565658 0.2436868686868687 0.029797979797979827 0.04545454545454546 0.032575757575757605 0.09848484848484854 0.038131313131313176 0.07500000000000005 0.025757575757575774
0.20847457627118643 0.0301318267419962 0.08173258003766473 0.028248587570621434 0.03841807909604515 0.04463276836158187 0.025047080979284337 0.04086629001883235 0.06327683615819202 0.05536723163841801 0.06741996233521651 0.054613935969868126 0.054613935969868126 0.09058380414312613 0.11657250470809785
0.04797979797979797 0.054545454545454564 0.08333333333333337 0.04595959595959594 0.04949494949494951 0.05959595959595963 0.07525252525252529 0.05959595959595964 0.04696969696969696 0.11414141414141425 0.056565656565656604 0.08939393939393947 0.06060606060606064 0.09191919191919197 0.0646464646464647
0.01591942820012994 0.03261858349577649 0.02345679012345679 0.02040285899935022 0.024301494476933094 0.10857699805068227 0.02878492527615336 0.030539311241065632 0.009031838856400253 0.01695906432748538 0.5217024041585447 0.030669265756985052 0.05932423651721899 0.04476933073424302 0.03294346978557506
0.03357487922705319 0.045410628019323704 0.06666666666666672 0.06859903381642513 0.0449275362318841 0.07753623188405799 0.05193236714975842 0.04951690821256041 0.03309178743961358 0.027053140096618408 0.06231884057971015 0.07946859903381644 0.05241545893719807 0.070048309178744 0.23743961352657
0.03980752405949252 0.06631671041119853 0.040944881889763744 0.0809273840769903 0.029396325459317547 0.018460192475940496 0.011286089238845132 0.01688538932633419 0.027296587926509158 0.04068241469816268 0.31093613298337713 0.05319335083114606 0.03193350831146105 0.21023622047244084 0.0216972878390201
0.03968253968253965 0.03928571428571427 0.05952380952380951 0.04484126984126983 0.04087301587301585 0.043650793650793634 0.04206349206349205 0.2531746031746032 0.03690476190476188 0.07341269841269833 0.05476190476190473 0.07341269841269837 0.05634920634920631 0.0706349206349206 0.07142857142857136
0.06682098765432096 0.03225308641975304 0.04753086419753085 0.178858024691358 0.022839506172839474 0.08564814814814818 0.08919753086419752 0.016975308641975276 0.18024691358024691 0.11249999999999995 0.02469135802469132 0.027160493827160462 0.05570987654320985 0.03842592592592588 0.021141975308641946
0.046376811594202975 0.04927536231884067 0.05120772946859911 0.04492753623188413 0.04879227053140105 0.05458937198067642 0.0637681159420291 0.20917874396135258 0.04444444444444452 0.11739130434782616 0.049758454106280284 0.06714975845410638 0.04830917874396143 0.054589371980676406 0.05024154589371989
0.07222222222222222 0.034086629001883195 0.03587570621468923 0.027024482109227834 0.0308851224105461 0.04811676082862522 0.45574387947269296 0.017325800376647816 0.02278719397363462 0.017325800376647816 0.039830508474576226 0.04736346516007529 0.03446327683615816 0.08041431261770246 0.036534839924670395
0.060467836257309934 0.05637426900584798 0.044327485380116986 0.05076023391812867 0.10713450292397657 0.030292397660818742 0.016140350877192997 0.040350877192982484 0.04315789473684216 0.01929824561403511 0.03766081871345032 0.045263157894736866 0.03684210526315793 0.06818713450292396 0.34374269005847935
0.056481481481481466 0.04629629629629627 0.059722222222222225 0.04629629629629625 0.05324074074074073 0.08564814814814814 0.11296296296296292 0.05879629629629632 0.0509259259259259 0.08425925925925924 0.0851851851851852 0.08796296296296298 0.05740740740740744 0.06250000000000001 0.05231481481481484
0.13376068376068356 0.040170940170940125 0.049572649572649535 0.0829059829059828 0.0397435897435897 0.04145299145299143 0.0397435897435897 0.04273504273504269 0.039316239316239274 0.039316239316239274 0.042735042735042694 0.04999999999999996 0.2777777777777778 0.04145299145299143 0.03931623931623929
0.037037037037036986 0.06638176638176631 0.0643874643874643 0.11452991452991441 0.04074074074074071 0.07492877492877484 0.03960113960113956 0.06552706552706546 0.033618233618233566 0.06837606837606829 0.039316239316239274 0.0868945868945868 0.05327635327635324 0.08860398860398856 0.1267806267806266
0.03888888888888885 0.1324786324786323 0.05769230769230765 0.08461538461538455 0.042735042735042694 0.05213675213675211 0.04316239316239313 0.04999999999999997 0.1508547008547007 0.039743589743589706 0.0397435897435897 0.0752136752136751 0.043589743589743546 0.10982905982905972 0.03931623931623928
0.02318840579710145 0.030434782608695653 0.04122383252818041 0.0892109500805153 0.02254428341384864 0.0933977455716586 0.019162640901771336 0.03832528180354267 0.022061191626409023 0.061191626409017756 0.03172302737520131 0.394524959742351 0.042834138486312436 0.04251207729468602 0.04766505636070855
0.06296296296296289 0.04662309368191719 0.09084967320261429 0.03551198257080606 0.07429193899782129 0.047276688453158994 0.03442265795206969 0.03594771241830061 0.0544662309368191 0.02984749455337687 0.053594771241830014 0.12244008714596938 0.052941176470588165 0.05010893246187361 0.2087145969498908
0.05333333333333337 0.04888888888888892 0.08400000000000006 0.14177777777777772 0.06088888888888893 0.05511111111111115 0.07155555555555561 0.055555555555555594 0.0884444444444445 0.04266666666666669 0.05333333333333337 0.06088888888888893 0.0506666666666667 0.08000000000000006 0.05288888888888892
0.06084656084656078 0.04814814814814808 0.08042328042328034 0.0999999999999999 0.057671957671957576 0.05714285714285708 0.09100529100529098 0.05661375661375653 0.052910052910052824 0.04761904761904755 0.05502645502645497 0.07830687830687821 0.06878306878306868 0.09629629629629623 0.04920634920634914
0.05396825396825389 0.05449735449735441 0.06931216931216926 0.0640211640211639 0.061904761904761824 0.055555555555555476 0.051851851851851774 0.06296296296296287 0.05449735449735442 0.05343915343915337 0.07301587301587294 0.16190476190476172 0.06402116402116396 0.06084656084656079 0.058201058201058115
0.03219373219373215 0.1934472934472932 0.03675213675213669 0.07749287749287742 0.03846153846153842 0.0347578347578347 0.035042735042734995 0.2586894586894583 0.06011396011396005 0.03048433048433043 0.03133903133903129 0.059829059829059755 0.04757834757834753 0.033618233618233566 0.030199430199430156
0.03569023569023566 0.032996632996632975 0.03703703703703701 0.03400673400673398 0.06531986531986528 0.05016835016835013 0.03468013468013465 0.36767676767676777 0.0323232323232323 0.0693602693602693 0.038047138047138024 0.04579124579124576 0.042760942760942736 0.07542087542087537 0.03872053872053869
0.0728715728715728 0.028210678210678203 0.05281385281385284 0.03181818181818181 0.13766233766233765 0.15274170274170276 0.13802308802308805 0.05339105339105339 0.02965367965367963 0.04134199134199131 0.09408369408369409 0.038023088023088035 0.023160173160173155 0.022799422799422788 0.0834054834054834
0.01857142857142854 0.1179365079365078 0.037777777777777743 0.3277777777777778 0.019841269841269812 0.03222222222222218 0.022063492063492028 0.018095238095238064 0.15793650793650768 0.01666666666666664 0.02968253968253964 0.027777777777777738 0.019682539682539652 0.06412698412698403 0.08984126984126972
0.03692810457516333 0.03594771241830058 0.05686274509803913 0.040522875816993376 0.04901960784313719 0.17385620915032657 0.042156862745097966 0.06176470588235285 0.03627450980392151 0.046405228758169846 0.11209150326797374 0.13464052287581685 0.040522875816993396 0.09346405228758159 0.03954248366013065
0.024652777777777777 0.10225694444444444 0.03993055555555555 0.12204861111111111 0.1935763888888889 0.03454861111111111 0.03611111111111111 0.030555555555555555 0.03454861111111111 0.07795138888888889 0.052256944444444446 0.1326388888888889 0.030729166666666665 0.06336805555555555 0.024826388888888887
0.08411458333333334 0.014496527777777778 0.07161458333333333 0.05720486111111111 0.01953125 0.05138888888888889 0.015885416666666666 0.34765625 0.01675347222222222 0.015885416666666666 0.02699652777777778 0.028645833333333332 0.051041666666666666 0.10824652777777778 0.09053819444444444
0.032142857142857126 0.03849206349206348 0.0654761904761905 0.056746031746031725 0.3482142857142858 0.050396825396825384 0.03829365079365078 0.045039682539682525 0.02698412698412696 0.04841269841269841 0.04662698412698412 0.03630952380952378 0.07500000000000002 0.04444444444444442 0.04742063492063493
0.03398692810457509 0.03398692810457509 0.05228758169934632 0.05751633986928096 0.04150326797385614 0.04640522875816988 0.07189542483660123 0.046732026143790774 0.03496732026143784 0.11568627450980376 0.04183006535947706 0.052941176470588144 0.25816993464052296 0.04248366013071888 0.06960784313725482
0.05198412698412696 0.06944444444444439 0.0559523809523809 0.04722222222222218 0.04960317460317457 0.17341269841269835 0.04246031746031742 0.057539682539682516 0.042857142857142844 0.04126984126984123 0.05039682539682536 0.0988095238095238 0.06428571428571424 0.0575396825396825 0.09722222222222217
0.04206349206349206 0.04404761904761903 0.0801587301587301 0.04404761904761902 0.20198412698412693 0.05158730158730154 0.05515873015873013 0.05952380952380948 0.04365079365079364 0.08571428571428562 0.055952380952380934 0.06031746031746025 0.04920634920634918 0.0773809523809523 0.04920634920634918
0.062193362193362155 0.018326118326118298 0.031890331890331865 0.041702741702741734 0.27388167388167395 0.030880230880230862 0.12265512265512259 0.03275613275613272 0.017748917748917722 0.08253968253968247 0.022077922077922044 0.07994227994227993 0.025396825396825376 0.09480519480519474 0.06320346320346318
0.03603603603603606 0.04204204204204206 0.0645645645645646 0.03603603603603607 0.05135135135135138 0.038738738738738746 0.1609609609609609 0.04204204204204208 0.03573573573573576 0.14354354354354354 0.17177177177177175 0.04954954954954957 0.05075075075075079 0.039639639639639665 0.03723723723723725
0.047474747474747475 0.047474747474747475 0.06010101010101015 0.08434343434343446 0.1681818181818181 0.04848484848484849 0.04696969696969696 0.04797979797979798 0.04797979797979798 0.05000000000000002 0.05101010101010104 0.1373737373737374 0.052525252525252544 0.06010101010101014 0.05
0.0565656565656566 0.057070707070707105 0.0560606060606061 0.06515151515151521 0.0494949494949495 0.07222222222222228 0.1803030303030303 0.053535353535353554 0.051010101010101026 0.04949494949494951 0.05252525252525256 0.06262626262626267 0.07020202020202028 0.05050505050505051 0.07323232323232329
0.046732026143790774 0.0519607843137254 0.10065359477124171 0.12222222222222207 0.06895424836601302 0.05130718954248359 0.04313725490196071 0.06274509803921562 0.03954248366013065 0.04084967320261431 0.07222222222222215 0.08300653594771235 0.09313725490196068 0.06143790849673193 0.06209150326797376
0.03369763205828777 0.13023679417122044 0.0491803278688524 0.06174863387978139 0.04826958105646627 0.10437158469945351 0.03806921675774132 0.02714025500910746 0.024954462659380693 0.041347905282331496 0.03497267759562838 0.25591985428050995 0.04990892531876134 0.05045537340619304 0.049726775956284115
0.030222222222222244 0.262 0.08422222222222213 0.11688888888888886 0.031111111111111135 0.04911111111111112 0.06377777777777775 0.02800000000000002 0.07622222222222214 0.08977777777777776 0.027777777777777794 0.035777777777777804 0.02533333333333335 0.04777777777777779 0.03200000000000002
0.07181069958847733 0.08189300411522632 0.061316872427983504 0.0808641975308642 0.03930041152263375 0.04588477366255146 0.028806584362139946 0.053703703703703684 0.09773662551440325 0.11563786008230457 0.11419753086419748 0.06872427983539095 0.04711934156378601 0.05946502057613169 0.033539094650205784
0.11547619047619043 0.08849206349206341 0.06190476190476188 0.05634920634920631 0.04007936507936505 0.03690476190476188 0.03730158730158727 0.06349206349206345 0.22341269841269837 0.07539682539682532 0.046428571428571375 0.039285714285714264 0.03928571428571427 0.03888888888888885 0.037301587301587266
0.035277777777777734 0.08250000000000003 0.04083333333333328 0.3402777777777777 0.030277777777777733 0.03388888888888885 0.03305555555555552 0.029444444444444405 0.12611111111111112 0.0633333333333333 0.029166666666666622 0.048333333333333346 0.03888888888888885 0.03611111111111107 0.03249999999999996
0.03840345199568499 0.033225458468176906 0.04746494066882418 0.10226537216828488 0.018662351672060404 0.0572815533980583 0.03451995685005393 0.28392664509169374 0.014455231930960082 0.03430420711974109 0.047572815533980586 0.03300970873786407 0.03732470334412081 0.0988133764832795 0.11877022653721689
0.023045267489711953 0.03141289437585736 0.06076817558299044 0.07777777777777786 0.2395061728395062 0.02962962962962965 0.029218106995884795 0.1559670781893004 0.01810699588477369 0.017695473251028833 0.03319615912208507 0.06351165980795616 0.03141289437585737 0.12510288065843628 0.06364883401920442
0.09674074074074078 0.02385185185185186 0.06503703703703706 0.043111111111111114 0.025333333333333336 0.034518518518518525 0.09718518518518522 0.041629629629629655 0.03392592592592592 0.052888888888888916 0.039555555555555545 0.03511111111111112 0.1288888888888889 0.03940740740740742 0.2428148148148148
0.036936936936936976 0.03993993993993999 0.06756756756756756 0.03693693693693697 0.09519519519519523 0.0522522522522523 0.06156156156156157 0.051051051051051094 0.035435435435435446 0.16546546546546548 0.053153153153153186 0.08018018018018017 0.06096096096096099 0.11381381381381377 0.04954954954954957
0.05614035087719297 0.05964912280701755 0.07076023391812866 0.05847953216374265 0.06140350877192982 0.0614035087719298 0.07368421052631573 0.06842105263157894 0.057309941520467804 0.09298245614035086 0.06783625730994147 0.06666666666666665 0.05672514619883039 0.08947368421052632 0.059064327485380076
0.05977777777777775 0.11555555555555552 0.035555555555555576 0.36777777777777787 0.0853333333333333 0.029333333333333354 0.026222222222222237 0.02533333333333335 0.0913333333333332 0.025333333333333347 0.028666666666666688 0.024888888888888905 0.031777777777777794 0.02888888888888891 0.02422222222222224
0.030749354005167987 0.16563307493540072 0.036434108527131824 0.2689922480620156 0.0315245478036176 0.03850129198966412 0.03049095607235145 0.05452196382428947 0.15891472868217071 0.02868217054263569 0.028165374677002614 0.032816537467700295 0.026098191214470316 0.031007751937984527 0.037467700258397976
0.05555555555555555 0.1023148148148148 0.07500000000000004 0.13749999999999998 0.050462962962962966 0.04768518518518517 0.04444444444444439 0.04537037037037032 0.13425925925925924 0.04398148148148144 0.04629629629629626 0.04768518518518517 0.07407407407407408 0.044907407407407354 0.050462962962962966
0.042798353909465056 0.04567901234567906 0.07777777777777786 0.049794238683127615 0.05144032921810705 0.16337448559670775 0.04773662551440334 0.04732510288065848 0.1592592592592593 0.044855967078189334 0.046502057613168765 0.055555555555555594 0.04197530864197536 0.08312757201646094 0.042798353909465056
0.04351851851851846 0.0430555555555555 0.051851851851851836 0.04722222222222218 0.04490740740740736 0.06990740740740742 0.08888888888888886 0.04629629629629628 0.04212962962962957 0.1115740740740741 0.043518518518518456 0.07592592592592595 0.04490740740740736 0.055092592592592596 0.19120370370370374
0.04485596707818932 0.052263374485596766 0.08353909465020574 0.06666666666666672 0.051440329218107046 0.07942386831275726 0.057613168724279885 0.06460905349794242 0.04567901234567906 0.09711934156378599 0.06419753086419759 0.097119341563786 0.06378600823045273 0.07942386831275725 0.052263374485596766
0.05499999999999991 0.053888888888888806 0.08833333333333324 0.071111111111111 0.07222222222222213 0.05499999999999991 0.14722222222222223 0.05444444444444435 0.05222222222222214 0.055555555555555476 0.05722222222222212 0.06166666666666658 0.06722222222222213 0.052222222222222135 0.056666666666666594
0.019939117199391194 0.03683409436834099 0.06164383561643836 0.051902587519025864 0.022070015220700182 0.019330289193302923 0.056316590563165896 0.022222222222222247 0.017503805175038082 0.018873668188736707 0.01917808219178085 0.022374429223744313 0.5849315068493148 0.02922374429223747 0.017656012176560147
0.02557651991614258 0.10628930817610069 0.034171907756813454 0.04905660377358498 0.030817610062893127 0.06561844863731667 0.08574423480083862 0.07463312368972756 0.03480083857442353 0.054926624737945566 0.03962264150943402 0.0700209643605871 0.040041928721174055 0.2605870020964361 0.02809224318658284
0.04492753623188414 0.21884057971014492 0.05700483091787447 0.05990338164251214 0.04975845410628028 0.047342995169082205 0.05265700483091796 0.046376811594202975 0.06328502415458946 0.044444444444444516 0.056521739130434866 0.05748792270531411 0.056521739130434887 0.09951690821256041 0.045410628019323745
0.04019607843137248 0.07941176470588227 0.09967320261437895 0.10522875816993456 0.06045751633986918 0.0473856209150326 0.04379084967320255 0.058496732026143694 0.04117647058823521 0.0630718954248365 0.1006535947712417 0.0647058823529411 0.0999999999999999 0.051307189542483575 0.04444444444444437
0.06539162112932606 0.07468123861566485 0.039344262295081915 0.07522768670309651 0.019125683060109307 0.032240437158469935 0.07632058287795988 0.03278688524590161 0.020218579234972694 0.06375227686703094 0.02932604735883423 0.02349726775956285 0.40109289617486343 0.02349726775956285 0.023497267759562845
0.07619047619047607 0.028747795414462048 0.09682539682539672 0.04744268077601405 0.034391534391534355 0.02962962962962961 0.029100529100529075 0.04603174603174598 0.02081128747795411 0.02768959435626098 0.05238095238095232 0.06860670194003522 0.06649029982363308 0.12275132275132261 0.2529100529100526
0.05858585858585865 0.12878787878787898 0.054545454545454584 0.08282828282828286 0.051010101010101026 0.05050505050505052 0.04848484848484848 0.05151515151515153 0.1500000000000001 0.045959595959595936 0.04646464646464645 0.05151515151515153 0.055555555555555566 0.06515151515151522 0.05909090909090911
0.030833333333333292 0.029444444444444405 0.0419444444444444 0.030833333333333282 0.032222222222222166 0.09416666666666668 0.04499999999999995 0.07916666666666664 0.053333333333333274 0.08250000000000003 0.1786111111111111 0.07666666666666667 0.03222222222222218 0.15055555555555555 0.04249999999999996
0.09587301587301575 0.017883597883597873 0.06285714285714279 0.031957671957671935 0.43925925925925907 0.04370370370370366 0.03830687830687826 0.018835978835978817 0.014074074074074062 0.03735449735449734 0.026349206349206324 0.04666666666666663 0.020529100529100508 0.027619047619047585 0.07873015873015865
0.0982456140350877 0.031140350877192954 0.051461988304093556 0.04166666666666665 0.031578947368421026 0.0309941520467836 0.037280701754385935 0.0621345029239766 0.01652046783625731 0.06301169590643274 0.029093567251461967 0.07733918128654968 0.33698830409356717 0.05497076023391812 0.03757309941520463
0.06458333333333334 0.058333333333333334 0.15069444444444444 0.07291666666666667 0.04201388888888889 0.05520833333333333 0.04375 0.03958333333333333 0.1597222222222222 0.08506944444444445 0.04236111111111111 0.05347222222222222 0.03854166666666667 0.04791666666666667 0.04583333333333333
0.035069444444444445 0.15138888888888888 0.06388888888888888 0.09479166666666666 0.03888888888888889 0.04236111111111111 0.05 0.14756944444444445 0.07465277777777778 0.059375 0.04722222222222222 0.04513888888888889 0.041666666666666664 0.07048611111111111 0.0375
0.030842911877394623 0.07011494252873565 0.061494252873563277 0.04080459770114938 0.1768199233716476 0.039846743295019124 0.30996168582375483 0.02490421455938695 0.025287356321839052 0.03601532567049806 0.04061302681992335 0.03390804597701147 0.03160919540229885 0.027394636015325654 0.050383141762452135
0.08005952380952379 0.016765873015872998 0.099702380952381 0.022619047619047598 0.025297619047619065 0.043849206349206346 0.015674603174603167 0.4189484126984128 0.013194444444444434 0.012698412698412698 0.028571428571428588 0.024305555555555546 0.04186507936507937 0.08541666666666667 0.07103174603174603
0.05555555555555552 0.05589225589225586 0.06161616161616157 0.06801346801346797 0.13131313131313127 0.04915824915824912 0.05016835016835013 0.05151515151515148 0.04949494949494946 0.05319865319865317 0.06835016835016831 0.0885521885521885 0.07239057239057234 0.06835016835016831 0.07643097643097638
0.08680555555555551 0.05578703703703703 0.057175925925925936 0.07499999999999998 0.06111111111111108 0.02870370370370371 0.029166666666666678 0.033564814814814804 0.027314814814814813 0.3324074074074076 0.042361111111111134 0.05138888888888886 0.03819444444444445 0.05601851851851851 0.024999999999999974
0.04830917874396145 0.05072463768115952 0.05507246376811601 0.0478260869565218 0.04541062801932373 0.047826086956521824 0.053140096618357585 0.054589371980676406 0.045893719806763364 0.2541062801932366 0.05942028985507255 0.056521739130434887 0.06183574879227063 0.06280193236714984 0.05652173913043487
0.0374269005847953 0.03479532163742689 0.09795321637426897 0.03421052631578946 0.04853801169590642 0.04970760233918125 0.03567251461988302 0.03596491228070175 0.030994152046783605 0.039473684210526314 0.06578947368421044 0.051169590643274816 0.059064327485380076 0.10497076023391808 0.2742690058479532
0.0452674897119342 0.040329218106995926 0.0481481481481482 0.05802469135802473 0.062962962962963 0.06748971193415644 0.24567901234567893 0.04032921810699592 0.03827160493827165 0.049794238683127594 0.12386831275720157 0.047736625514403344 0.045267489711934186 0.044855967078189354 0.04197530864197536
0.03814814814814812 0.04111111111111111 0.06111111111111109 0.041111111111111105 0.12666666666666657 0.05666666666666662 0.054444444444444455 0.16111111111111093 0.038888888888888876 0.0733333333333333 0.0574074074074074 0.06777777777777773 0.038888888888888876 0.087037037037037 0.05629629629629628
0.055072463768116045 0.04830917874396144 0.06183574879227062 0.2318840579710145 0.054106280193236815 0.053623188405797204 0.04734299516908222 0.045410628019323745 0.08647342995169097 0.04444444444444452 0.046376811594202975 0.08067632850241555 0.04975845410628026 0.050724637681159486 0.04396135265700491
0.04933333333333337 0.05511111111111115 0.07022222222222227 0.3128888888888887 0.048000000000000036 0.046222222222222255 0.044444444444444474 0.04355555555555558 0.04977777777777781 0.04355555555555558 0.045333333333333364 0.0466666666666667 0.05111111111111115 0.05155555555555559 0.04222222222222225
