0.09155555555555561 0.0506666666666667 0.05111111111111115 0.05733333333333336 0.06044444444444448 0.047111111111111145 0.0586666666666667 0.10266666666666667 0.04266666666666669 0.09777777777777778 0.045777777777777806 0.05688888888888892 0.058222222222222265 0.1257777777777778 0.05333333333333337
0.08547008547008539 0.06709401709401702 0.13333333333333316 0.046153846153846115 0.04615384615384613 0.04658119658119653 0.06324786324786319 0.05341880341880337 0.04572649572649569 0.09059829059829051 0.043589743589743546 0.1273504273504272 0.053846153846153794 0.04743589743589741 0.04999999999999996
0.07058823529411752 0.03594771241830058 0.1049019607843136 0.08594771241830054 0.04183006535947705 0.06372549019607833 0.11830065359477111 0.10718954248366 0.087908496732026 0.044117647058823456 0.038235294117646985 0.047058823529411695 0.05326797385620906 0.043137254901960714 0.057843137254901894
0.03033033033033033 0.03243243243243247 0.06156156156156156 0.061861861861861864 0.031831831831831865 0.03243243243243245 0.035735735735735775 0.2921921921921922 0.03633633633633637 0.044144144144144186 0.03213213213213215 0.09789789789789785 0.0939939939939939 0.03003003003003005 0.08708708708708705
0.02018518518518518 0.034999999999999996 0.0237037037037037 0.07888888888888886 0.023888888888888894 0.06555555555555549 0.03166666666666665 0.1342592592592593 0.07629629629629625 0.08129629629629624 0.11129629629629628 0.13537037037037034 0.02592592592592592 0.02351851851851852 0.13314814814814815
0.031038647342995187 0.028019323671497596 0.0650966183574879 0.2208937198067633 0.03502415458937199 0.041183574879227074 0.16014492753623197 0.043719806763285025 0.10760869565217389 0.10785024154589373 0.04649758454106282 0.034057971014492754 0.02016908212560389 0.025966183574879235 0.03272946859903381
0.034722222222222224 0.0798611111111111 0.14618055555555556 0.128125 0.03854166666666667 0.059722222222222225 0.04131944444444444 0.04861111111111111 0.04618055555555556 0.05659722222222222 0.04027777777777778 0.0375 0.128125 0.03611111111111111 0.078125
0.039601139601139576 0.021747388414055074 0.016239316239316237 0.06353276353276345 0.016999050332383654 0.06505223171889832 0.3637226970560299 0.04093067426400757 0.12222222222222215 0.11177587844254498 0.03998100664767328 0.01728395061728394 0.029439696106362746 0.03570750237416901 0.01576448243114909
0.05079365079365077 0.05436507936507933 0.046031746031746035 0.04960317460317455 0.04999999999999999 0.057142857142857106 0.13214285714285715 0.08650793650793642 0.0464285714285714 0.10753968253968256 0.04404761904761904 0.05555555555555552 0.04365079365079363 0.12341269841269843 0.05277777777777775
0.08333333333333336 0.08080808080808081 0.07979797979797984 0.08636363636363636 0.11388888888888887 0.04015151515151519 0.040151515151515195 0.04343434343434347 0.06742424242424247 0.11792929292929294 0.0964646464646465 0.04722222222222224 0.029545454545454576 0.04292929292929296 0.030555555555555586
0.052222222222222135 0.0549999999999999 0.05277777777777768 0.06055555555555547 0.0627777777777777 0.05999999999999993 0.2077777777777777 0.0538888888888888 0.0688888888888888 0.057222222222222126 0.05111111111111103 0.050555555555555465 0.05277777777777769 0.050555555555555465 0.06388888888888879
0.03994708994708989 0.051587301587301515 0.05687830687830685 0.06507936507936503 0.12936507936507916 0.11931216931216916 0.0674603174603174 0.0777777777777777 0.08888888888888882 0.05687830687830681 0.08253968253968247 0.04444444444444443 0.03359788359788355 0.057142857142857086 0.02910052910052905
0.03813813813813817 0.05135135135135137 0.04714714714714716 0.0510510510510511 0.04774774774774776 0.0528528528528529 0.04504504504504507 0.06216216216216219 0.06156156156156157 0.1267267267267267 0.03663663663663667 0.1705705705705705 0.033333333333333354 0.05825825825825826 0.1174174174174174
0.03238095238095232 0.07809523809523801 0.08507936507936499 0.04761904761904755 0.07555555555555545 0.04888888888888882 0.04857142857142851 0.06825396825396816 0.07650793650793637 0.060952380952380876 0.033650793650793584 0.07587301587301577 0.04761904761904755 0.07746031746031734 0.1434920634920633
0.041739130434782605 0.09246376811594202 0.037391304347826074 0.09468599033816424 0.02724637681159419 0.2567149758454106 0.011400966183574859 0.08966183574879226 0.10202898550724636 0.055555555555555566 0.06231884057971018 0.014879227053140072 0.04995169082125604 0.014685990338164229 0.04927536231884059
0.03333333333333333 0.041666666666666664 0.14722222222222223 0.06597222222222222 0.06215277777777778 0.05555555555555555 0.06145833333333333 0.04513888888888889 0.1673611111111111 0.05555555555555555 0.035069444444444445 0.09340277777777778 0.03680555555555556 0.03298611111111111 0.06631944444444444
0.02463768115942033 0.04661835748792271 0.052657004830917904 0.06014492753623189 0.041304347826087 0.039613526570048345 0.12946859903381644 0.03454106280193241 0.04516908212560388 0.039613526570048345 0.0821256038647343 0.06835748792270535 0.039613526570048345 0.06545893719806764 0.23067632850241537
0.10092592592592592 0.029814814814814787 0.11407407407407402 0.03759259259259258 0.05759259259259254 0.022777777777777775 0.02888888888888886 0.05055555555555554 0.027407407407407398 0.0407407407407407 0.2253703703703703 0.023888888888888887 0.03925925925925925 0.1779629629629629 0.02314814814814815
0.05873015873015867 0.045238095238095216 0.1630952380952381 0.04920634920634917 0.04999999999999996 0.05873015873015871 0.13095238095238088 0.05595238095238092 0.048015873015872984 0.05952380952380948 0.04999999999999996 0.04999999999999997 0.06031746031746029 0.06984126984126982 0.05039682539682538
0.03169934640522869 0.07875816993464041 0.07908496732026131 0.06241830065359466 0.054248366013071814 0.1202614379084966 0.12745098039215672 0.09248366013071886 0.042156862745097966 0.05947712418300644 0.03333333333333327 0.07777777777777765 0.04738562091503261 0.058496732026143694 0.03496732026143784
0.033625730994152045 0.039766081871345005 0.11257309941520464 0.07339181286549704 0.14415204678362573 0.09502923976608187 0.06491228070175431 0.04122807017543857 0.05204678362573097 0.040643274853801155 0.04269005847953215 0.03596491228070174 0.1245614035087719 0.04181286549707601 0.05760233918128651
0.24959349593495936 0.07588075880758813 0.03631436314363146 0.03712737127371276 0.03902439024390247 0.03252032520325206 0.044444444444444474 0.04823848238482388 0.04552845528455288 0.184010840108401 0.04552845528455288 0.036314363143631456 0.0560975609756098 0.03848238482384826 0.03089430894308945
0.061965811965811905 0.031837606837606815 0.03247863247863244 0.029487179487179455 0.03782051282051278 0.027350427350427333 0.14636752136752137 0.1264957264957265 0.031196581196581148 0.213034188034188 0.026068376068376045 0.07435897435897429 0.03888888888888885 0.09551282051282044 0.02713675213675211
0.02155887230514099 0.13515754560530677 0.026533996683250426 0.10646766169154229 0.07529021558872304 0.026036484245439476 0.09402985074626867 0.038971807628524036 0.09004975124378109 0.024212271973466013 0.022885572139303496 0.028192371475953572 0.042951907131011595 0.08341625207296852 0.1842454394693201
0.04686868686868682 0.10848484848484849 0.1406060606060605 0.03939393939393935 0.15515151515151515 0.05212121212121209 0.03878787878787874 0.061818181818181765 0.11777777777777773 0.04989898989898987 0.04020202020202015 0.038181818181818136 0.03717171717171711 0.04404040404040399 0.02949494949494945
0.025925925925925953 0.2997256515775034 0.019890260631001397 0.033882030178326514 0.021262002743484255 0.02770919067215366 0.01893004115226341 0.0283950617283951 0.0253772290809328 0.047187928669410184 0.02057613168724282 0.0753086419753087 0.281207133058985 0.03360768175582994 0.041015089163237324
0.01056910569105693 0.061878952122854596 0.03206865401987352 0.09738030713640473 0.052122854561878984 0.11084010840108408 0.13938572719060519 0.08319783197831981 0.07940379403794041 0.04607046070460705 0.0897018970189702 0.02673893405600724 0.07335140018066852 0.03405600722673894 0.0632339656729901
0.05030303030303029 0.02828282828282824 0.08383838383838377 0.06949494949494948 0.031515151515151475 0.08383838383838381 0.08383838383838375 0.05757575757575755 0.13616161616161615 0.06282828282828277 0.02747474747474743 0.040202020202020156 0.03090909090909086 0.05414141414141412 0.1595959595959595
0.017084826762246104 0.08219832735961762 0.03225806451612901 0.12783751493428916 0.08602150537634402 0.06511350059737152 0.028793309438470714 0.1333333333333334 0.1043010752688172 0.03882915173237751 0.07096774193548383 0.06367980884109911 0.06977299880525682 0.033213859020310606 0.046594982078853014
0.0370370370370371 0.040350877192982505 0.10643274853801174 0.05692007797270956 0.09220272904483433 0.03313840155945424 0.044639376218323625 0.05321637426900585 0.0621832358674464 0.06354775828460037 0.10389863547758282 0.03469785575048737 0.02495126705653026 0.16920077972709546 0.07758284600389863
0.0224074074074074 0.1196296296296296 0.02925925925925924 0.05240740740740737 0.039259259259259244 0.03592592592592591 0.10277777777777777 0.1512962962962963 0.03444444444444443 0.14888888888888882 0.03074074074074072 0.04259259259259258 0.029259259259259256 0.10240740740740734 0.05870370370370366
0.0461028192371476 0.06915422885572138 0.09369817578772806 0.03930348258706466 0.0779436152570481 0.043117744610281915 0.029519071310116073 0.02669983416252073 0.025704809286898847 0.04494195688225538 0.025704809286898833 0.04842454394693198 0.30298507462686564 0.05638474295190712 0.0703150912106136
0.03655913978494621 0.05842293906810032 0.09677419354838705 0.06487455197132613 0.05842293906810032 0.04587813620071682 0.09354838709677414 0.08422939068100352 0.058781362007168415 0.04301075268817201 0.04301075268817201 0.1949820788530467 0.037992831541218616 0.03763440860215051 0.04587813620071682
0.04603174603174603 0.04325396825396823 0.14007936507936508 0.061904761904761844 0.06468253968253963 0.0809523809523809 0.07619047619047614 0.04960317460317457 0.05357142857142853 0.04523809523809522 0.050396825396825363 0.06706349206349199 0.09722222222222222 0.0793650793650793 0.04444444444444443
0.056944444444444436 0.04138888888888886 0.043888888888888845 0.046944444444444414 0.1797222222222222 0.04638888888888885 0.04444444444444441 0.06194444444444443 0.03138888888888884 0.13888888888888884 0.033611111111111064 0.035833333333333287 0.03138888888888884 0.05694444444444446 0.1502777777777778
0.040329218106995926 0.048148148148148204 0.14814814814814803 0.045679012345679046 0.046502057613168765 0.05226337448559675 0.044032921810699614 0.05061728395061734 0.04609053497942391 0.04567901234567906 0.043621399176954775 0.044855967078189354 0.07489711934156382 0.04238683127572023 0.2267489711934156
0.027976190476190457 0.030158730158730145 0.06726190476190473 0.08035714285714288 0.04365079365079361 0.03789682539682537 0.19206349206349205 0.08730158730158728 0.1115079365079365 0.06706349206349208 0.025198412698412692 0.03908730158730156 0.04305555555555551 0.03452380952380949 0.11289682539682538
0.05614035087719295 0.052046783625730966 0.04473684210526314 0.04561403508771928 0.061695906432748505 0.07397660818713446 0.03947368421052632 0.03830409356725145 0.04649122807017544 0.044152046783625706 0.035380116959064324 0.056432748538011654 0.3195906432748537 0.04035087719298246 0.045614035087719294
0.019814814814814806 0.03166666666666664 0.028888888888888867 0.13148148148148156 0.05240740740740738 0.04629629629629627 0.027962962962962964 0.028703703703703686 0.10222222222222216 0.079074074074074 0.1116666666666666 0.15203703703703705 0.1409259259259259 0.023888888888888883 0.022962962962962956
0.038979963570127514 0.10373406193078326 0.04116575591985427 0.10837887067395262 0.035245901639344254 0.0787795992714025 0.10655737704918032 0.01775956284153004 0.16092896174863383 0.12850637522768668 0.04608378870673954 0.018397085610200342 0.01876138433515481 0.07176684881602914 0.02495446265938067
0.035294117647058754 0.0405228758169934 0.10784313725490186 0.043137254901960735 0.038235294117647 0.04084967320261431 0.12352941176470572 0.03823529411764699 0.037581699346405165 0.09215686274509793 0.03921568627450972 0.07189542483660122 0.15620915032679716 0.07712418300653583 0.058169934640522794
0.12222222222222229 0.043253968253968225 0.042063492063492025 0.04999999999999998 0.061507936507936456 0.04722222222222219 0.07341269841269836 0.045238095238095216 0.06666666666666662 0.0996031746031746 0.04999999999999998 0.04166666666666666 0.06785714285714281 0.144047619047619 0.0452380952380952
0.051362683438155164 0.02012578616352204 0.05000000000000004 0.029769392033543025 0.025366876310272565 0.024528301886792496 0.08668763102725366 0.23207547169811318 0.26698113207547175 0.02452830188679249 0.015932914046121623 0.027463312368972786 0.026519916142557692 0.041194968553459166 0.07746331236897279
0.033650793650793584 0.032380952380952316 0.07682539682539671 0.045396825396825345 0.032063492063492 0.04031746031746026 0.045396825396825345 0.11682539682539672 0.03587301587301582 0.20063492063492044 0.033968253968253904 0.17936507936507912 0.04920634920634913 0.03873015873015866 0.0393650793650793
0.024225865209471772 0.02877959927140252 0.042258652094717644 0.044808743169398875 0.06958105646630236 0.03114754098360654 0.1344262295081968 0.035519125683060086 0.04918032786885243 0.06247723132969034 0.029143897996356992 0.032058287795992686 0.3448087431693989 0.029508196721311462 0.04207650273224041
0.03190883190883186 0.05099715099715094 0.09202279202279191 0.04957264957264951 0.06894586894586884 0.04586894586894581 0.08376068376068371 0.05584045584045579 0.04358974358974354 0.07492877492877482 0.03133903133903129 0.15014245014244992 0.05868945868945862 0.030199430199430156 0.13219373219373204
0.03690476190476187 0.05734126984126984 0.08829365079365083 0.26071428571428573 0.043849206349206325 0.04345238095238093 0.024404761904761887 0.06488095238095237 0.053571428571428596 0.03253968253968251 0.026785714285714263 0.10833333333333331 0.047420634920634884 0.05079365079365077 0.060714285714285735
0.023232323232323233 0.01762065095398429 0.144668911335578 0.024579124579124575 0.017845117845117848 0.13973063973063973 0.046127946127946115 0.33849607182940517 0.07138047138047135 0.054096520763187425 0.014478114478114477 0.0323232323232323 0.022109988776655442 0.033557800224466874 0.019753086419753076
0.09567901234567897 0.050308641975308585 0.18209876543209877 0.09567901234567892 0.03765432098765428 0.04043209876543204 0.054320987654320904 0.052160493827160426 0.05679012345679004 0.037654320987654255 0.033641975308641915 0.04660493827160488 0.09135802469135795 0.03950617283950611 0.086111111111111
0.029729729729729745 0.08108108108108106 0.04444444444444448 0.1327327327327327 0.08678678678678681 0.048648648648648665 0.030030030030030023 0.04894894894894899 0.035435435435435446 0.03273273273273277 0.031831831831831844 0.04234234234234237 0.28558558558558544 0.029729729729729752 0.03993993993993995
0.008288288288288278 0.07555555555555553 0.012192192192192182 0.16876876876876884 0.04570570570570571 0.019939939939939935 0.039879879879879884 0.04360360360360361 0.008588588588588575 0.03159159159159158 0.06828828828828826 0.2398798798798798 0.13111111111111112 0.03819819819819819 0.06840840840840841
0.03482726423902891 0.20420168067226863 0.05154061624649854 0.023436041083099903 0.034267040149393066 0.35518207282913117 0.022128851540616237 0.01932773109243696 0.020821661998132575 0.0352941176470588 0.07647058823529404 0.023436041083099896 0.042950513538748805 0.015592903828197939 0.04052287581699342
0.027186761229314425 0.09432624113475176 0.037825059101654866 0.04184397163120568 0.034042553191489355 0.02955082742316785 0.026241134751773035 0.043026004728132394 0.027659574468085108 0.17966903073286053 0.03380614657210403 0.036170212765957444 0.03758865248226951 0.09716312056737585 0.25390070921985813
0.06854990583804135 0.03785310734463273 0.08625235404896411 0.046892655367231605 0.13126177024482102 0.030131826741996198 0.16629001883239172 0.09152542372881352 0.029943502824858716 0.07834274952919014 0.02711864406779658 0.03069679849340864 0.04971751412429373 0.03747645951035779 0.08794726930320138
0.04145299145299141 0.045299145299145284 0.08632478632478624 0.049145299145299096 0.04786324786324784 0.05982905982905974 0.04786324786324782 0.08846153846153841 0.045299145299145284 0.05811965811965806 0.046153846153846115 0.18461538461538443 0.0397435897435897 0.04102564102564099 0.11880341880341867
0.016853094705443702 0.04660700969425802 0.01946308724832217 0.18762117822520513 0.022893363161819554 0.03385533184190904 0.06778523489932883 0.029008202833706212 0.018791946308724848 0.04041759880686056 0.06592095451155855 0.37240865026099934 0.022669649515287105 0.02960477255779268 0.026099925428784494
0.04086021505376341 0.06594982078853041 0.07526881720430102 0.05232974910394261 0.08637992831541212 0.05125448028673832 0.06308243727598563 0.07921146953405013 0.04014336917562721 0.05376344086021501 0.03835125448028671 0.06881720430107521 0.07921146953405013 0.08853046594982072 0.11684587813620077
0.10570570570570566 0.05195195195195196 0.08018018018018021 0.043543543543543575 0.0615615615615616 0.04384384384384386 0.046846846846846875 0.04594594594594596 0.03573573573573575 0.03693693693693696 0.03693693693693696 0.07687687687687686 0.10720720720720728 0.18978978978978983 0.03693693693693696
0.03986928104575157 0.05032679738562085 0.10294117647058812 0.0562091503267973 0.1267973856209149 0.0542483660130718 0.08071895424836593 0.05098039215686266 0.04901960784313718 0.06013071895424829 0.04150326797385614 0.04542483660130714 0.07254901960784303 0.07745098039215675 0.09183006535947699
0.06917562724014331 0.24946236559139795 0.05663082437275982 0.058781362007168415 0.04480286738351252 0.03763440860215051 0.04695340501792111 0.11827956989247315 0.04551971326164871 0.05519713261648741 0.03440860215053761 0.03655913978494621 0.04050179211469532 0.04014336917562721 0.06594982078853043
0.02569444444444444 0.0414351851851852 0.10787037037037044 0.06018518518518517 0.04305555555555556 0.03356481481481485 0.03402777777777779 0.2675925925925926 0.0314814814814815 0.03796296296296296 0.030555555555555572 0.050462962962962966 0.03379629629629632 0.025694444444444433 0.17662037037037037
0.04386973180076628 0.03160919540229882 0.04444444444444447 0.08505747126436786 0.17318007662835258 0.03659003831417624 0.04425287356321839 0.08927203065134102 0.1827586206896552 0.03716475095785438 0.02298850574712641 0.038122605363984666 0.03180076628352487 0.060153256704980854 0.07873563218390808
0.013333333333333315 0.07748792270531399 0.04289855072463767 0.027149758454106266 0.015942028985507225 0.06589371980676327 0.028212560386473424 0.2148792270531401 0.16782608695652176 0.049565217391304345 0.07990338164251208 0.029275362318840554 0.017101449275362293 0.11400966183574883 0.056521739130434775
0.10111111111111107 0.0527777777777777 0.05722222222222214 0.055555555555555455 0.056666666666666574 0.05499999999999991 0.053888888888888806 0.09833333333333333 0.05277777777777769 0.10833333333333334 0.053333333333333253 0.0677777777777777 0.05277777777777769 0.08166666666666657 0.05277777777777769
0.06459259259259265 0.07259259259259265 0.07318518518518524 0.0391111111111111 0.05688888888888892 0.04651851851851851 0.04251851851851852 0.1724444444444444 0.029925925925925936 0.07303703703703704 0.02148148148148149 0.03496296296296296 0.029629629629629627 0.09140740740740746 0.1517037037037037
0.05802469135802459 0.20401234567901227 0.1450617283950618 0.05802469135802462 0.04351851851851845 0.09043209876543203 0.046913580246913514 0.044135802469135746 0.06759259259259248 0.042901234567901174 0.03333333333333327 0.04043209876543203 0.050617283950617216 0.03641975308641968 0.038580246913580196
0.025120772946859944 0.030434782608695685 0.25000000000000006 0.2130434782608696 0.0536231884057971 0.03574879227053145 0.06014492753623189 0.034541062801932414 0.04227053140096624 0.04661835748792275 0.026570048309178782 0.04347826086956525 0.03188405797101453 0.03623188405797108 0.07028985507246378
0.019478737997256537 0.0640603566529493 0.08477366255144037 0.07105624142661184 0.1805212620027434 0.08422496570644719 0.101920438957476 0.05322359396433472 0.04554183813443074 0.03305898491083679 0.020301783264746253 0.041700960219478764 0.029903978052126225 0.01755829903978055 0.15267489711934157
0.032679738562091436 0.05294117647058816 0.1666666666666664 0.14738562091503252 0.05816993464052278 0.047712418300653515 0.07973856209150318 0.038235294117647 0.03888888888888881 0.072549019607843 0.032679738562091436 0.10359477124182989 0.03235294117647052 0.038888888888888806 0.057516339869280966
0.028535353535353556 0.03383838383838386 0.19343434343434338 0.04898989898989902 0.034848484848484886 0.044949494949494996 0.1934343434343435 0.07954545454545456 0.05000000000000002 0.056818181818181844 0.057575757575757606 0.040404040404040456 0.07171717171717172 0.035858585858585874 0.030050505050505074
0.018627450980392122 0.09133986928104565 0.10098039215686275 0.027450980392156828 0.02581699346405224 0.02075163398692807 0.1857843137254901 0.11617647058823531 0.019934640522875784 0.04640522875816989 0.054575163398692735 0.025653594771241787 0.02483660130718951 0.07140522875816988 0.17026143790849668
0.06503267973856196 0.042156862745097966 0.09967320261437893 0.03986928104575157 0.03986928104575157 0.04019607843137248 0.0447712418300653 0.056209150326797304 0.04934640522875809 0.1336601307189541 0.03333333333333327 0.03202614379084961 0.08039215686274498 0.20686274509803912 0.036601307189542416
0.06388888888888887 0.04749999999999995 0.06888888888888887 0.08527777777777776 0.036944444444444405 0.06472222222222222 0.05888888888888888 0.03666666666666661 0.0669444444444444 0.08972222222222222 0.03416666666666662 0.04138888888888884 0.22249999999999995 0.04638888888888884 0.03611111111111106
0.032098765432098726 0.04370370370370369 0.03975308641975305 0.03259259259259257 0.09901234567901221 0.13111111111111098 0.04864197530864196 0.050370370370370336 0.09209876543209872 0.18320987654320967 0.029629629629629593 0.029135802469135764 0.05950617283950613 0.09827160493827151 0.030864197530864175
0.03165374677002587 0.030878552971576257 0.025193798449612427 0.08979328165374684 0.1276485788113695 0.032816537467700295 0.0489664082687339 0.07312661498708017 0.0448320413436693 0.2649870801033592 0.07700258397932824 0.02118863049095609 0.035529715762273935 0.05891472868217061 0.037467700258397976
0.03633633633633636 0.05795795795795798 0.05585585585585583 0.0573573573573574 0.07657657657657659 0.041441441441441476 0.10510510510510508 0.0582582582582583 0.05105105105105108 0.09159159159159164 0.1105105105105104 0.03873873873873875 0.054654654654654695 0.07357357357357357 0.09099099099099098
0.05277777777777769 0.057222222222222126 0.06055555555555547 0.14166666666666672 0.06944444444444434 0.09777777777777764 0.05666666666666658 0.05222222222222214 0.06055555555555547 0.0772222222222221 0.053333333333333253 0.053333333333333253 0.05444444444444436 0.053888888888888806 0.05888888888888881
0.028535353535353556 0.07020202020202021 0.1335858585858586 0.0931818181818182 0.06515151515151518 0.054545454545454584 0.08232323232323241 0.06237373737373743 0.098989898989899 0.051010101010101026 0.030303030303030335 0.06439393939393949 0.07020202020202021 0.06439393939393943 0.030808080808080826
0.02241379310344826 0.06551724137931035 0.04444444444444445 0.11226053639846743 0.027586206896551706 0.025287356321839063 0.1241379310344828 0.05651340996168584 0.18544061302681997 0.06839080459770118 0.08716475095785443 0.034674329501915666 0.05785440613026824 0.026245210727969325 0.06206896551724142
0.04521072796934861 0.04865900383141757 0.1919540229885059 0.045210727969348635 0.042145593869731754 0.060919540229885 0.08544061302681996 0.055555555555555504 0.055555555555555504 0.05900383141762447 0.04406130268199229 0.12643678160919553 0.04827586206896546 0.05134099616858234 0.040229885057471236
0.0346491228070175 0.03508771929824559 0.07602339181286548 0.0643274853801169 0.03274853801169588 0.0323099415204678 0.2235380116959065 0.028508771929824542 0.0678362573099415 0.13216374269005846 0.06564327485380116 0.07602339181286547 0.02514619883040934 0.030263157894736815 0.07573099415204677
0.0407407407407408 0.039917695473251066 0.049794238683127615 0.06831275720164615 0.048148148148148204 0.044032921810699635 0.05679012345679018 0.09465020576131686 0.05390946502057619 0.09588477366255144 0.0386831275720165 0.04938271604938277 0.0407407407407408 0.145679012345679 0.1333333333333333
0.03142361111111111 0.04565972222222222 0.030555555555555555 0.434375 0.027256944444444445 0.04375 0.04201388888888889 0.06475694444444445 0.021354166666666667 0.06458333333333334 0.03836805555555556 0.025694444444444443 0.04652777777777778 0.03142361111111111 0.052256944444444446
0.047670250896057344 0.04283154121863796 0.09928315412186389 0.024551971326164858 0.09444444444444444 0.02777777777777776 0.046594982078853014 0.06559139784946241 0.27724014336917563 0.03781362007168456 0.030107526881720408 0.09928315412186386 0.03351254480286736 0.03924731182795697 0.034050179211469515
0.05321637426900585 0.05380116959064327 0.14502923976608162 0.055555555555555525 0.05380116959064327 0.05438596491228071 0.0690058479532164 0.10116959064327488 0.067251461988304 0.05789473684210523 0.055555555555555566 0.0567251461988304 0.05555555555555554 0.05380116959064327 0.06725146198830405
0.02495126705653026 0.03469785575048737 0.10058479532163743 0.055750487329434745 0.13255360623781667 0.042105263157894764 0.029629629629629676 0.06198830409356724 0.10214424951267052 0.04951267056530216 0.023391812865497113 0.10233918128654973 0.03859649122807022 0.04951267056530217 0.15224171539961015
0.04061302681992334 0.10421455938697322 0.11570881226053648 0.09693486590038315 0.04367816091954017 0.05785440613026816 0.05785440613026816 0.04252873563218388 0.06360153256704977 0.09386973180076628 0.0398467432950191 0.06704980842911874 0.09003831417624525 0.039463601532567005 0.04674329501915703
0.016035353535353555 0.03295454545454547 0.031439393939393975 0.2989898989898989 0.038510101010101036 0.10757575757575752 0.08207070707070704 0.07108585858585857 0.1296717171717172 0.04898989898989902 0.04722222222222225 0.028661616161616166 0.019949494949494974 0.018686868686868693 0.02815656565656569
0.057936507936507876 0.03809523809523804 0.0489417989417989 0.04920634920634917 0.08730158730158724 0.05185185185185181 0.03862433862433859 0.03148148148148144 0.03809523809523806 0.06984126984126977 0.029894179894179848 0.03121693121693117 0.30740740740740724 0.08412698412698406 0.03597883597883592
0.022580645161290307 0.09516129032258067 0.06200716845878139 0.12795698924731183 0.04498207885304657 0.02992831541218636 0.09175627240143375 0.03440860215053761 0.03279569892473116 0.043548387096774166 0.022759856630824356 0.053405017921146956 0.04516129032258062 0.11451612903225811 0.1790322580645161
0.017230273752012883 0.023510466988727854 0.19516908212560377 0.1132045088566828 0.03075684380032208 0.032206119162640934 0.1529790660225443 0.03091787439613529 0.20966183574879227 0.02528180354267312 0.017874396135265702 0.019323671497584547 0.018840579710144936 0.05008051529790663 0.06296296296296304
0.07945205479452054 0.07869101978691016 0.08980213089802132 0.03059360730593611 0.05753424657534245 0.021308980213089822 0.05601217656012175 0.10776255707762561 0.054946727549467285 0.041248097412481 0.025114155251141575 0.1123287671232877 0.05722983257229833 0.13028919330289193 0.05768645357686451
0.041269841269841234 0.023809523809523784 0.06709956709956706 0.14271284271284262 0.06897546897546894 0.05772005772005768 0.08196248196248195 0.02323232323232321 0.04891774891774888 0.08600288600288594 0.09769119769119769 0.021500721500721468 0.023520923520923494 0.0343434343434343 0.1812409812409812
0.06666666666666667 0.06493055555555556 0.21909722222222222 0.07569444444444444 0.03993055555555555 0.04548611111111111 0.044097222222222225 0.07847222222222222 0.04097222222222222 0.08993055555555556 0.03888888888888889 0.03819444444444445 0.04895833333333333 0.0375 0.07118055555555555
0.03238770685579197 0.12269503546099296 0.0442080378250591 0.11513002364066202 0.044917257683215125 0.03522458628841609 0.03829787234042554 0.04231678486997636 0.07517730496453898 0.05011820330969267 0.08888888888888884 0.037352245862884145 0.0371158392434988 0.051536643026004705 0.1846335697399528
0.028764278296988532 0.27352024922118373 0.029906542056074736 0.03271028037383173 0.034164070612668705 0.03707165109034263 0.025960539979231534 0.03146417445482863 0.0241952232606438 0.04662512980269986 0.0412253374870197 0.0487019730010384 0.2920041536863967 0.03343717549325022 0.0202492211838006
0.014520202020202034 0.029419191919191946 0.12474747474747477 0.06856060606060607 0.08547979797979796 0.02500000000000001 0.1304292929292929 0.06767676767676771 0.10454545454545448 0.06262626262626263 0.016540404040404053 0.029419191919191925 0.022979797979797996 0.022727272727272742 0.19532828282828285
0.03680555555555556 0.04236111111111111 0.1763888888888889 0.04652777777777778 0.03784722222222222 0.058333333333333334 0.04826388888888889 0.10590277777777778 0.1545138888888889 0.0798611111111111 0.03680555555555556 0.04652777777777778 0.04131944444444444 0.042708333333333334 0.04583333333333333
0.015465465465465478 0.05585585585585583 0.08168168168168166 0.04909909909909911 0.044744744744744734 0.048348348348348336 0.08843843843843842 0.05075075075075077 0.14699699699699692 0.05615615615615614 0.017717717717717733 0.03273273273273274 0.02492492492492495 0.04729729729729728 0.2397897897897898
0.03844444444444447 0.02622222222222224 0.08688888888888885 0.03244444444444447 0.02533333333333335 0.08599999999999997 0.22999999999999984 0.029333333333333354 0.04555555555555558 0.04088888888888891 0.1157777777777777 0.11311111111111107 0.03244444444444447 0.07577777777777776 0.02177777777777779
0.027659574468085098 0.09574468085106382 0.027186761229314415 0.04893617021276595 0.11418439716312054 0.04349881796690307 0.029550827423167843 0.15933806146572108 0.028132387706855787 0.025768321513002353 0.030260047281323872 0.041843971631205665 0.05011820330969266 0.02695035460992906 0.2508274231678488
0.043879472693031954 0.02674199623352163 0.06497175141242931 0.20715630885122407 0.027683615819209004 0.15687382297551788 0.03314500941619582 0.055743879472692964 0.0807909604519773 0.09472693032015059 0.07363465160075319 0.03032015065913368 0.029190207156308823 0.04387947269303197 0.03126177024482106
0.03333333333333331 0.04444444444444441 0.10884353741496601 0.06326530612244892 0.05328798185941042 0.19047619047619052 0.07709750566893422 0.07074829931972788 0.0535147392290249 0.04829931972789111 0.02380952380952382 0.09387755102040818 0.02902494331065757 0.04897959183673467 0.06099773242630384
0.0216101694915254 0.07170433145009415 0.05404896421845573 0.035734463276836166 0.13356873822975524 0.05588512241054611 0.030743879472693022 0.022128060263653476 0.19477401129943497 0.07495291902071563 0.16774952919020716 0.029001883239171376 0.0522598870056497 0.01252354048964217 0.04331450094161959
0.00857946554149085 0.008532583216127512 0.017627754336615092 0.012517580872011238 0.07529301453352087 0.6513830285982185 0.03244256915142991 0.015283638068448189 0.03999062353492736 0.019362400375058594 0.07519924988279422 0.011157993436474438 0.013877168307548045 0.008954524144397555 0.00979840600093764
0.07139479905437351 0.03238770685579196 0.091725768321513 0.026241134751773032 0.033806146572104026 0.042553191489361715 0.04018912529550826 0.09432624113475177 0.2082742316784871 0.17257683215130024 0.027186761229314415 0.04231678486997634 0.031914893617021295 0.05390070921985815 0.031205673758865248
0.020967741935483855 0.06200716845878139 0.08655913978494628 0.060573476702508955 0.029569892473118257 0.042473118279569864 0.17724014336917565 0.07652329749103945 0.18422939068100364 0.041039426523297465 0.023118279569892458 0.06899641577060936 0.02508960573476701 0.02921146953405016 0.07240143369175632
0.048148148148148134 0.2060185185185185 0.05462962962962965 0.061111111111111144 0.05046296296296296 0.05555555555555555 0.061574074074074045 0.05879629629629633 0.05416666666666667 0.05231481481481483 0.0643518518518519 0.07175925925925927 0.06527777777777775 0.04675925925925924 0.04907407407407404
0.04097222222222222 0.05138888888888889 0.07673611111111112 0.07083333333333333 0.05 0.049652777777777775 0.04756944444444444 0.06805555555555555 0.07326388888888889 0.08923611111111111 0.04861111111111111 0.17673611111111112 0.05520833333333333 0.04652777777777778 0.05520833333333333
0.04237726098191219 0.0431524547803618 0.03540051679586567 0.08191214470284246 0.0697674418604652 0.030490956072351454 0.10206718346253242 0.0739018087855298 0.039793281653746806 0.03540051679586566 0.02894056847545223 0.2478036175710595 0.0294573643410853 0.0746770025839794 0.06485788113695096
0.027469135802469097 0.032870370370370335 0.02268518518518516 0.0537037037037037 0.026543209876543176 0.25216049382716055 0.10756172839506177 0.12978395061728396 0.03179012345679009 0.07839506172839505 0.02530864197530861 0.050771604938271556 0.09691358024691359 0.03858024691358022 0.025462962962962927
0.05219638242894062 0.051937984496124086 0.04780361757105948 0.06330749354005175 0.10645994832041354 0.02816537467700262 0.04160206718346258 0.028940568475452223 0.03875968992248065 0.03850129198966413 0.03488372093023259 0.03565891472868221 0.03927648578811374 0.11731266149870814 0.27519379844961245
0.025749559082892386 0.03421516754850085 0.04356261022927686 0.23544973544973516 0.03068783068783065 0.15326278659611975 0.1223985890652556 0.03403880070546733 0.12081128747795403 0.048500881834215116 0.024867724867724834 0.027513227513227486 0.048148148148148114 0.02292768959435623 0.027865961199294492
0.043757159221076695 0.033562428407789203 0.043642611683848774 0.108705612829324 0.04169530355097363 0.025544100801832732 0.20526918671248542 0.21660939289805248 0.1187857961053836 0.030584192439862525 0.013860252004581887 0.04776632302405494 0.031156930126002264 0.022222222222222206 0.016838487972508576
0.02800925925925926 0.049537037037037025 0.04861111111111113 0.16226851851851848 0.02685185185185185 0.030324074074074094 0.06944444444444448 0.04074074074074075 0.04629629629629628 0.04513888888888891 0.08449074074074073 0.05347222222222224 0.21782407407407411 0.052314814814814814 0.044675925925925945
0.0511574074074074 0.03124999999999998 0.06435185185185184 0.12685185185185185 0.03935185185185187 0.029398148148148156 0.08263888888888889 0.02916666666666668 0.04050925925925925 0.02962962962962964 0.13657407407407401 0.03449074074074073 0.25208333333333344 0.024537037037037034 0.028009259259259272
0.04059829059829055 0.05641025641025637 0.08076923076923066 0.20726495726495725 0.06923076923076914 0.05512820512820508 0.06752136752136748 0.06880341880341873 0.044017094017093986 0.0752136752136751 0.04230769230769227 0.04700854700854698 0.047435897435897406 0.05598290598290593 0.04230769230769228
0.03916666666666661 0.033611111111111064 0.1963888888888889 0.048888888888888864 0.03916666666666665 0.0866666666666667 0.05805555555555556 0.06805555555555555 0.07972222222222224 0.17361111111111113 0.02888888888888884 0.032499999999999946 0.036944444444444405 0.04749999999999997 0.030833333333333282
0.06740740740740733 0.03753086419753082 0.03777777777777774 0.11432098765432094 0.03061728395061725 0.07506172839506166 0.08172839506172835 0.0958024691358024 0.04938271604938268 0.17234567901234554 0.03358024691358021 0.04987654320987651 0.04543209876543207 0.05777777777777775 0.051358024691358
0.0464197530864197 0.09629629629629617 0.07111111111111104 0.10790123456790113 0.0459259259259259 0.039753086419753066 0.03950617283950616 0.05481481481481477 0.04938271604938268 0.07481481481481475 0.08938271604938261 0.0333333333333333 0.14938271604938252 0.03679012345679009 0.06518518518518512
0.01084656084656083 0.019223985890652537 0.027865961199294513 0.03024691358024687 0.01587301587301585 0.027865961199294506 0.02522045855379186 0.24603174603174607 0.04435626102292766 0.041093474426807705 0.058465608465608394 0.019576719576719543 0.015520282186948835 0.01992945326278657 0.3978835978835977
0.075438596491228 0.07105263157894733 0.0646198830409356 0.12134502923976603 0.032748538011695895 0.039181286549707595 0.08274853801169584 0.04649122807017543 0.14824561403508774 0.03596491228070174 0.0859649122807016 0.03099415204678361 0.03713450292397658 0.03742690058479532 0.09064327485380116
0.02766439909297049 0.17256235827664404 0.02766439909297051 0.034467120181405866 0.05668934240362808 0.056462585034013565 0.02879818594104307 0.1773242630385488 0.09455782312925172 0.03492063492063491 0.03401360544217683 0.043990929705215405 0.03854875283446709 0.030839002267573662 0.1414965986394558
0.037439613526570076 0.04855072463768116 0.023188405797101474 0.04299516908212562 0.11702898550724633 0.071256038647343 0.17741545893719818 0.051932367149758456 0.03586956521739132 0.03526570048309178 0.04867149758454107 0.02693236714975846 0.24915458937198073 0.01739130434782611 0.016908212560386496
0.04931335830212235 0.06803995006242197 0.05617977528089886 0.03533083645443195 0.035580524344569306 0.05805243445692884 0.061298377028714074 0.09088639200998752 0.05742821473158552 0.13046192259675407 0.07303370786516854 0.03283395755305866 0.019975031210986288 0.14794007490636701 0.08364544319600496
0.008518518518518517 0.028287037037037027 0.015740740740740732 0.12000000000000002 0.012546296296296286 0.05861111111111113 0.1278240740740741 0.026435185185185173 0.1376851851851852 0.289212962962963 0.05629629629629626 0.03444444444444444 0.01157407407407407 0.016157407407407388 0.05666666666666665
0.029729729729729742 0.03843843843843849 0.07927927927927926 0.051051051051051094 0.057957957957957995 0.030330330330330342 0.13213213213213215 0.06276276276276278 0.053753753753753804 0.12042042042042041 0.028528528528528538 0.0507507507507508 0.09789789789789781 0.07777777777777774 0.08918918918918917
0.04999999999999995 0.05299145299145295 0.06880341880341874 0.18333333333333318 0.057692307692307626 0.04871794871794867 0.056410256410256356 0.05811965811965808 0.10170940170940157 0.06666666666666661 0.04786324786324781 0.05085470085470082 0.04401709401709397 0.04829059829059826 0.06452991452991447
0.04210526315789472 0.0432748538011696 0.1687134502923976 0.057017543859649085 0.046198830409356705 0.05263157894736839 0.09970760233918127 0.07514619883040931 0.04619883040935672 0.0903508771929824 0.09035087719298242 0.044152046783625706 0.03625730994152044 0.04619883040935672 0.061695906432748485
0.013919413919413901 0.2702075702075699 0.06153846153846148 0.28229548229548196 0.0333333333333333 0.02576312576312574 0.024908424908424893 0.04224664224664223 0.02979242979242976 0.072039072039072 0.01941391941391939 0.03247863247863246 0.023687423687423666 0.025152625152625136 0.0432234432234432
0.03777777777777777 0.020483091787439588 0.03613526570048305 0.01690821256038646 0.04367149758454105 0.03275362318840577 0.21661835748792266 0.07574879227053138 0.031014492753623175 0.3838647342995169 0.013526570048309162 0.018840579710144904 0.024541062801932353 0.03632850241545892 0.011787439613526551
0.04007936507936506 0.038888888888888855 0.03769841269841267 0.04484126984126981 0.3682539682539684 0.04523809523809522 0.041666666666666644 0.0472222222222222 0.04166666666666664 0.04484126984126984 0.04126984126984124 0.03928571428571426 0.08888888888888886 0.04166666666666664 0.038492063492063466
