0.08535353535353538 0.05429292929292934 0.07929292929292933 0.1388888888888889 0.0878787878787879 0.06641414141414147 0.04015151515151519 0.10934343434343437 0.033838383838383876 0.10404040404040407 0.06515151515151515 0.04545454545454549 0.03484848484848487 0.02525252525252526 0.029797979797979827
0.09591503267973844 0.05555555555555548 0.024836601307189503 0.031862745098039165 0.04885620915032675 0.10915032679738561 0.07156862745098035 0.065032679738562 0.0455882352941176 0.036601307189542444 0.028921568627450947 0.03529411764705879 0.27549019607843134 0.023202614379084923 0.05212418300653589
0.0635802469135802 0.03024691358024694 0.026337448559670806 0.19423868312757206 0.0454732510288066 0.13456790123456794 0.02674897119341567 0.03909465020576132 0.055144032921810686 0.04238683127572019 0.03847736625514408 0.10246913580246911 0.13292181069958847 0.038477366255144065 0.029835390946502092
0.01732804232804231 0.021296296296296282 0.0839947089947089 0.09933862433862427 0.02830687830687828 0.019973544973544956 0.01944444444444443 0.020767195767195757 0.024603174603174578 0.05608465608465606 0.19193121693121695 0.27222222222222214 0.07962962962962951 0.017857142857142835 0.0472222222222222
0.046081871345029286 0.05777777777777781 0.03368421052631583 0.35157894736842105 0.1403508771929824 0.05988304093567251 0.017309941520467855 0.022105263157894753 0.030877192982456173 0.06795321637426896 0.022923976608187152 0.04000000000000003 0.06690058479532164 0.018128654970760254 0.024444444444444467
0.04444444444444452 0.07681159420289864 0.05990338164251215 0.048792270531401026 0.07246376811594213 0.04637681159420297 0.0710144927536233 0.07874396135265713 0.05990338164251217 0.10048309178743968 0.056521739130434866 0.0570048309178745 0.05265700483091795 0.11159420289855068 0.06328502415458946
0.03671111111111114 0.026133333333333352 0.05084444444444448 0.05288888888888892 0.4145777777777778 0.03244444444444447 0.028888888888888905 0.014133333333333343 0.03280000000000002 0.16559999999999986 0.028177777777777798 0.019822222222222234 0.02791111111111113 0.034133333333333356 0.03493333333333336
0.02030178326474625 0.03648834019204392 0.022085048010973957 0.02606310013717424 0.059259259259259255 0.04060356652949248 0.3389574759945131 0.022359396433470534 0.027297668038408798 0.025377229080932817 0.024279835390946525 0.020027434842249673 0.0858710562414266 0.017695473251028833 0.23333333333333336
0.03303303303303306 0.07777777777777775 0.030930930930930946 0.03573573573573577 0.08288288288288291 0.04204204204204207 0.056456456456456514 0.08138138138138135 0.03873873873873875 0.28198198198198193 0.033933933933933964 0.03573573573573576 0.06786786786786789 0.05795795795795795 0.04354354354354358
0.03407407407407407 0.035925925925925924 0.08259259259259255 0.08074074074074074 0.0992592592592592 0.04222222222222222 0.03888888888888886 0.10481481481481474 0.058148148148148136 0.039999999999999994 0.09592592592592589 0.08777777777777779 0.04370370370370368 0.04185185185185183 0.11407407407407401
0.03637992831541216 0.021326164874551953 0.03279569892473116 0.05609318996415772 0.046774193548387064 0.041218637992831514 0.02240143369175626 0.020788530465949806 0.021326164874551953 0.1008960573476703 0.4985663082437275 0.02849462365591396 0.02508960573476701 0.017921146953405003 0.02992831541218636
0.14196217494089833 0.25768321513002357 0.1309692671394799 0.02021276595744681 0.05378250591016547 0.019267139479905437 0.0715130023640662 0.01631205673758866 0.032860520094562626 0.026004728132387706 0.026713947990543732 0.021513002364066194 0.02411347517730496 0.018203309692671404 0.13888888888888898
0.0197530864197531 0.0211934156378601 0.028600823045267513 0.09588477366255142 0.0491769547325103 0.17798353909465017 0.022427983539094667 0.020781893004115246 0.024897119341563807 0.04917695473251028 0.32860082304526733 0.06152263374485595 0.03189300411522637 0.02386831275720166 0.04423868312757202
0.03829787234042551 0.10685579196217493 0.12234042553191488 0.041134751773049635 0.020094562647754135 0.02044917257683215 0.08947990543735226 0.01891252955082742 0.17364066193853428 0.18699763593380622 0.02033096926713948 0.01666666666666667 0.07789598108747044 0.014893617021276593 0.05200945626477543
0.039094650205761354 0.04979423868312763 0.03744855967078193 0.0753086419753087 0.03950617283950623 0.1028806584362139 0.049794238683127615 0.09465020576131686 0.03909465020576137 0.04567901234567909 0.03950617283950621 0.20329218106995886 0.03827160493827165 0.1065843621399176 0.039094650205761375
0.021724709784411298 0.0252072968490879 0.026533996683250426 0.036152570480928674 0.10315091210613603 0.0417910447761194 0.03250414593698177 0.09900497512437809 0.055555555555555566 0.1384742951907131 0.0482587064676617 0.11724709784411272 0.18524046434494193 0.01923714759535658 0.04991708126036482
0.009677419354838719 0.06516129032258063 0.14286738351254472 0.012186379928315422 0.10602150537634414 0.01154121863799284 0.16752688172043004 0.05562724014336913 0.017060931899641578 0.025878136200716842 0.028530465949820775 0.02960573476702509 0.02236559139784946 0.009175627240143378 0.29677419354838724
0.07533875338753392 0.010840108401084025 0.01969286359530261 0.240379403794038 0.020505871725383925 0.36196928635953035 0.043812104787714565 0.061878952122854575 0.02999096657633245 0.02773261065943993 0.022854561878952115 0.023938572719060518 0.026558265582655824 0.011562782294489617 0.022944896115627816
0.04898989898989898 0.06010101010101015 0.0505050505050505 0.06363636363636367 0.08535353535353542 0.05050505050505052 0.05101010101010102 0.06313131313131316 0.056565656565656625 0.059595959595959674 0.04848484848484849 0.06363636363636371 0.08030303030303036 0.16262626262626267 0.05555555555555555
0.02093397745571659 0.027053140096618362 0.07648953301127219 0.02544283413848631 0.040579710144927554 0.24508856682769706 0.11159420289855075 0.03188405797101451 0.07181964573268926 0.12995169082125613 0.035426731078905004 0.07632850241545898 0.05684380032206122 0.017552334943639298 0.03301127214170694
0.08270099367660341 0.02791327913279133 0.014182475158084918 0.060523938572719045 0.1229900632339657 0.17240289069557363 0.045347786811201475 0.019196025293586282 0.01951219512195123 0.09701897018970186 0.12145438121047877 0.020822041553748873 0.1458897922312557 0.012149954832881673 0.03789521228545621
0.03302469135802463 0.03395061728395057 0.09814814814814814 0.06419753086419744 0.06481481481481473 0.03765432098765426 0.10339506172839502 0.04413580246913574 0.0712962962962962 0.19259259259259262 0.039506172839506117 0.07283950617283944 0.07530864197530855 0.032098765432098705 0.03703703703703698
0.10224466891133559 0.04971941638608302 0.2062850729517396 0.01425364758698092 0.03883277216610548 0.015824915824915818 0.02053872053872054 0.02996632996632995 0.04904601571268235 0.014365881032547698 0.152300785634119 0.021099887766554425 0.14713804713804712 0.018630751964085295 0.11975308641975307
0.06227053140096617 0.09198067632850242 0.04961352657004831 0.04115942028985507 0.09705314009661833 0.034009661835748786 0.08082125603864734 0.03603864734299516 0.03241545893719806 0.03980676328502416 0.17246376811594205 0.033526570048309154 0.03507246376811593 0.0202415458937198 0.17352657004830918
0.0185185185185185 0.060449735449735385 0.08253968253968247 0.03822751322751318 0.02989417989417985 0.0695767195767195 0.03201058201058198 0.05687830687830683 0.08280423280423271 0.030423280423280404 0.10489417989417987 0.05529100529100521 0.08465608465608454 0.01957671957671955 0.23425925925925928
0.1155469422911284 0.09345391903531446 0.019939707149009493 0.041602067183462585 0.14883720930232555 0.10111972437553841 0.10757967269595183 0.013436692506459963 0.00921619293712318 0.08169681309216204 0.038027562446167146 0.016063738156761428 0.14707149009474593 0.022394487510766607 0.0440137812230836
0.014498644986449875 0.03211382113821141 0.018970189701897032 0.24674796747967476 0.08672086720867206 0.11720867208672082 0.01910569105691058 0.049322493224932255 0.018970189701897032 0.22073170731707312 0.031165311653116548 0.03319783197831981 0.057588075880758795 0.028590785907859094 0.025067750677506793
0.03758169934640516 0.03954248366013064 0.04379084967320255 0.087908496732026 0.1450980392156861 0.05032679738562083 0.03725490196078424 0.04379084967320254 0.08529411764705867 0.08594771241830057 0.04313725490196072 0.05098039215686269 0.1539215686274508 0.05588235294117637 0.03954248366013064
0.036054421768707504 0.18514739229024957 0.024943310657596345 0.03219954648526075 0.030725623582766395 0.14671201814058962 0.018820861678004525 0.03537414965986392 0.019047619047619032 0.041269841269841276 0.22562358276643993 0.13265306122448975 0.031179138321995443 0.011791383219954656 0.02845804988662129
0.11643467643467628 0.05946275946275941 0.004761904761904758 0.09072039072039059 0.02239316239316238 0.029719169719169703 0.007985347985347977 0.022905982905982874 0.03638583638583634 0.010647130647130642 0.2660317460317457 0.2511355311355309 0.044346764346764295 0.0103052503052503 0.026764346764346747
0.02829861111111111 0.0234375 0.22152777777777777 0.14791666666666667 0.024479166666666666 0.07048611111111111 0.03350694444444444 0.028993055555555557 0.03263888888888889 0.03888888888888889 0.22552083333333334 0.03871527777777778 0.035243055555555555 0.021701388888888888 0.028645833333333332
0.037547892720306536 0.029597701149425303 0.07174329501915712 0.1748084291187739 0.019923371647509572 0.051053639846743326 0.04396551724137933 0.02174329501915708 0.07001915708812262 0.06005747126436782 0.022126436781609193 0.035727969348659024 0.2756704980842911 0.013218390804597692 0.0727969348659004
0.025925925925925897 0.0424691358024691 0.028641975308641952 0.029876543209876507 0.07234567901234563 0.21975308641975283 0.03111111111111108 0.07086419753086412 0.03777777777777774 0.13506172839506161 0.05802469135802466 0.0587654320987654 0.11283950617283939 0.03283950617283946 0.04370370370370368
0.017567567567567582 0.1420420420420421 0.019969969969969983 0.026876876876876885 0.03513513513513512 0.01846846846846848 0.08693693693693692 0.08843843843843838 0.08348348348348349 0.030480480480480507 0.057807807807807796 0.020420420420420433 0.02282282282282284 0.030480480480480496 0.319069069069069
0.03790849673202607 0.0473856209150326 0.05490196078431364 0.055555555555555476 0.050326797385620854 0.03692810457516333 0.05261437908496725 0.1499999999999998 0.037254901960784244 0.05392156862745093 0.05032679738562085 0.0807189542483659 0.03725490196078424 0.04411764705882344 0.21078431372549014
0.09780288763339613 0.010169491525423716 0.026867545511613303 0.08355304456999378 0.02404268675455116 0.10389202762084118 0.02837413684871312 0.01098556183301945 0.0325172630257376 0.01720025109855617 0.08675455116133081 0.3468926553672315 0.08185812931575641 0.0214689265536723 0.027620841180163207
0.037407407407407396 0.24074074074074064 0.055185185185185164 0.05925925925925923 0.05814814814814812 0.104074074074074 0.04296296296296295 0.03962962962962962 0.04296296296296297 0.04962962962962962 0.050740740740740725 0.04925925925925923 0.058888888888888845 0.04074074074074072 0.07037037037037029
0.039463601532567005 0.05325670498084286 0.04444444444444439 0.10574712643678165 0.04482758620689652 0.05670498084291184 0.0590038314176245 0.07011494252873561 0.07662835249042146 0.04214559386973175 0.17854406130268208 0.04597701149425284 0.07816091954022991 0.04559386973180074 0.05938697318007658
0.103174603174603 0.08126984126984117 0.042539682539682475 0.05650793650793644 0.08730158730158721 0.07333333333333328 0.044126984126984056 0.03460317460317454 0.054920634920634835 0.06603174603174596 0.056190476190476096 0.11809523809523793 0.04698412698412693 0.06380952380952368 0.071111111111111
0.03740740740740742 0.06814814814814814 0.06814814814814814 0.037777777777777764 0.06370370370370365 0.040370370370370355 0.051111111111111114 0.07814814814814812 0.059629629629629595 0.05407407407407406 0.049629629629629614 0.04888888888888887 0.05851851851851851 0.22777777777777758 0.056666666666666664
0.022000000000000016 0.23555555555555552 0.03666666666666669 0.03488888888888891 0.03488888888888891 0.04088888888888891 0.28844444444444456 0.03066666666666669 0.04000000000000003 0.02622222222222224 0.02600000000000002 0.04244444444444448 0.06288888888888884 0.022444444444444458 0.05600000000000002
0.04188034188034184 0.06623931623931617 0.05897435897435891 0.046581196581196554 0.040598290598290565 0.04102564102564099 0.07863247863247855 0.07905982905982897 0.04658119658119654 0.04487179487179484 0.047435897435897385 0.04700854700854698 0.06452991452991447 0.10299145299145286 0.19358974358974348
0.03650793650793644 0.07746031746031737 0.06476190476190469 0.09365079365079357 0.11936507936507922 0.03650793650793645 0.1409523809523808 0.04984126984126976 0.053015873015872954 0.049841269841269784 0.03619047619047613 0.06761904761904755 0.051428571428571344 0.03619047619047613 0.08666666666666663
0.1402930402930401 0.06593406593406587 0.05811965811965807 0.06837606837606833 0.04688644688644686 0.021611721611721594 0.14676434676434655 0.020512820512820502 0.017948717948717934 0.03345543345543343 0.267155067155067 0.03272283272283272 0.017216117216117193 0.013797313797313785 0.04920634920634917
0.023877068557919604 0.05390070921985816 0.02340425531914891 0.12411347517730499 0.044208037825059124 0.18368794326241142 0.02434988179669029 0.1628841607565011 0.03191489361702129 0.11347517730496456 0.023640661938534265 0.04231678486997639 0.04917257683215126 0.0652482269503546 0.033806146572104005
0.04365079365079362 0.051587301587301564 0.042460317460317455 0.05515873015873013 0.07738095238095233 0.1619047619047619 0.046031746031746035 0.09404761904761898 0.04642857142857141 0.1087301587301587 0.054761904761904755 0.057539682539682516 0.05357142857142856 0.04563492063492062 0.06111111111111108
0.020370370370370386 0.051646090534979434 0.058641975308641965 0.33971193415637857 0.05720164609053498 0.041152263374485604 0.028806584362139953 0.04259259259259261 0.030658436213991794 0.06954732510288063 0.02530864197530867 0.07119341563786007 0.07962962962962962 0.05637860082304526 0.027160493827160515
0.0426666666666667 0.04755555555555559 0.06088888888888892 0.04133333333333336 0.07644444444444451 0.0417777777777778 0.04311111111111114 0.0417777777777778 0.13022222222222216 0.05511111111111115 0.044444444444444474 0.04888888888888892 0.04311111111111114 0.19111111111111095 0.0915555555555556
0.09781420765027324 0.026775956284152993 0.04808743169398905 0.08743169398907104 0.024590163934426236 0.027868852459016377 0.05428051001821492 0.027322404371584685 0.027322404371584695 0.12950819672131153 0.06265938069216755 0.04244080145719486 0.09380692167577412 0.018032786885245913 0.23205828779599255
0.017171717171717157 0.10808080808080814 0.023232323232323215 0.019360269360269345 0.036195286195286176 0.021885521885521873 0.43602693602693576 0.03703703703703701 0.06717171717171719 0.022558922558922542 0.0212121212121212 0.03939393939393937 0.045117845117845085 0.030639730639730623 0.07491582491582495
0.0417777777777778 0.10000000000000003 0.06888888888888894 0.05377777777777781 0.09377777777777783 0.044888888888888916 0.05777777777777782 0.07244444444444449 0.05333333333333337 0.06888888888888894 0.07688888888888894 0.06577777777777781 0.0715555555555556 0.04266666666666669 0.08755555555555561
0.009360730593607319 0.13835616438356163 0.02070015220700153 0.13675799086757984 0.1866818873668189 0.02442922374429225 0.026560121765601227 0.02054794520547947 0.012176560121765618 0.26834094368340944 0.04375951293759513 0.02701674277016743 0.030898021308980204 0.01202435312024354 0.042389649923896495
0.10380116959064319 0.04005847953216374 0.03187134502923975 0.03450292397660816 0.038304093567251465 0.2789473684210526 0.04736842105263155 0.0350877192982456 0.03713450292397662 0.05438596491228064 0.03713450292397659 0.04152046783625729 0.15058479532163735 0.03157894736842103 0.037719298245614014
0.021031746031746037 0.12678571428571422 0.036507936507936475 0.05357142857142856 0.03968253968253965 0.021230158730158717 0.09404761904761903 0.03055555555555553 0.027777777777777762 0.0638888888888889 0.0232142857142857 0.02222222222222221 0.16865079365079366 0.02003968253968253 0.2507936507936508
0.04188034188034184 0.08632478632478621 0.04786324786324785 0.12521367521367507 0.06410256410256404 0.08632478632478621 0.06880341880341873 0.06923076923076917 0.054273504273504226 0.04999999999999998 0.04572649572649568 0.07008547008547004 0.05726495726495722 0.04316239316239312 0.08974358974358965
0.024206349206349183 0.028373015873015845 0.03988095238095236 0.039087301587301546 0.047420634920634884 0.022222222222222213 0.023214285714285705 0.10277777777777776 0.03472222222222219 0.08611111111111112 0.029166666666666646 0.051785714285714254 0.4178571428571429 0.03154761904761903 0.021626984126984116
0.016249999999999983 0.03277777777777777 0.023055555555555534 0.04027777777777779 0.08430555555555555 0.1941666666666666 0.023055555555555544 0.047083333333333324 0.028194444444444456 0.20972222222222223 0.04833333333333333 0.04291666666666666 0.1456944444444445 0.01861111111111109 0.045555555555555564
0.023015873015873003 0.3299603174603174 0.027777777777777762 0.028373015873015862 0.07956349206349203 0.03353174603174601 0.02936507936507934 0.060714285714285714 0.06924603174603175 0.027380952380952374 0.02777777777777775 0.02738095238095238 0.028968253968253945 0.09107142857142855 0.11587301587301585
0.02820512820512816 0.18176638176638146 0.037037037037036986 0.033333333333333284 0.041880341880341856 0.030199430199430145 0.15527065527065506 0.030484330484330434 0.03561253561253557 0.030199430199430156 0.08518518518518506 0.030199430199430156 0.037037037037036986 0.02962962962962959 0.21396011396011366
0.01666666666666664 0.3001388888888889 0.03319444444444447 0.03291666666666669 0.03736111111111111 0.026527777777777775 0.03791666666666666 0.05763888888888887 0.02194444444444443 0.03166666666666668 0.06388888888888887 0.08319444444444445 0.025694444444444433 0.015972222222222204 0.2152777777777778
0.08319783197831984 0.059891598915989205 0.08292682926829274 0.042276422764227675 0.0590785907859079 0.1821138211382113 0.04823848238482388 0.036043360433604364 0.03766937669376696 0.04769647696476968 0.0577235772357724 0.10921409214092141 0.03604336043360436 0.02981029810298105 0.08807588075880765
0.14873294346978555 0.048343079922027306 0.0348927875243665 0.10584795321637423 0.044444444444444474 0.026705653021442535 0.10155945419103313 0.05536062378167641 0.05029239766081872 0.14697855750487332 0.03508771929824565 0.03918128654970762 0.050292397660818715 0.022417153996101395 0.08986354775828459
0.09127837514934285 0.02903225806451611 0.03273596176821981 0.34540023894862615 0.032735961768219815 0.026045400238948607 0.04384707287933091 0.05268817204301072 0.020071684587813606 0.15925925925925938 0.018996415770609308 0.06905615292712061 0.046236559139784916 0.013261648745519704 0.019354838709677406
0.04305555555555551 0.09351851851851849 0.05879629629629632 0.05972222222222225 0.05185185185185186 0.08611111111111103 0.0888888888888889 0.05879629629629628 0.06111111111111117 0.050462962962962946 0.04398148148148144 0.06296296296296296 0.05138888888888886 0.08518518518518511 0.10416666666666667
0.03164983164983163 0.04040404040404038 0.08417508417508412 0.0387205387205387 0.044107744107744075 0.04781144781144778 0.19932659932659952 0.0323232323232323 0.16767676767676767 0.05757575757575754 0.03265993265993264 0.04478114478114475 0.053872053872053835 0.04444444444444441 0.08047138047138042
0.04927536231884067 0.057971014492753714 0.07536231884057984 0.045893719806763364 0.09033816425120784 0.045893719806763364 0.19371980676328499 0.04541062801932375 0.06376811594202907 0.053140096618357544 0.04396135265700491 0.06086956521739139 0.06521739130434792 0.04444444444444452 0.0647342995169083
0.012045690550363437 0.02907580477673932 0.20872274143302177 0.014537902388369658 0.01443406022845273 0.2568016614745586 0.03852544132917962 0.03364485981308409 0.02845275181723777 0.2749740394600208 0.012357217030114222 0.01339563862928347 0.02616822429906538 0.012668743509864997 0.024195223260643797
0.02536231884057976 0.026811594202898602 0.037922705314009715 0.03188405797101454 0.057246376811594196 0.03260869565217398 0.025362318840579753 0.024396135265700534 0.5603864734299517 0.024396135265700523 0.02463768115942033 0.024879227053140142 0.031159420289855123 0.047584541062802 0.02536231884057974
0.037037037037036986 0.05895061728395053 0.05555555555555548 0.03549382716049378 0.10370370370370363 0.04074074074074068 0.052469135802469084 0.1277777777777778 0.07438271604938262 0.05401234567901227 0.03734567901234562 0.04475308641975303 0.04629629629629623 0.07222222222222209 0.1592592592592592
0.020527306967984903 0.029190207156308812 0.026177024482109196 0.020527306967984903 0.29905838041431243 0.05160075329566848 0.03804143126177019 0.021280602636534814 0.022787193973634615 0.022222222222222195 0.3252354048964218 0.032015065913370964 0.02354048964218453 0.02033898305084742 0.04745762711864402
0.03328460038986354 0.34639376218323586 0.08864522417153994 0.11754385964912281 0.03221247563352824 0.1015107212475633 0.014132553606237816 0.041471734892787486 0.02992202729044836 0.06973684210526317 0.039814814814814824 0.013596491228070173 0.025536062378167638 0.019931773879142304 0.026267056530214408
0.027616747181964597 0.011352657004830912 0.020772946859903395 0.31006441223832537 0.025925925925925943 0.07729468599033817 0.014412238325281811 0.032528180354267335 0.012479871175523348 0.2478260869565217 0.11135265700483092 0.037922705314009694 0.028663446054750432 0.010950080515297908 0.0308373590982287
0.01558109833971904 0.016475095785440624 0.03397190293742018 0.18045977011494263 0.03282247765006387 0.046360153256704985 0.022988505747126457 0.034227330779054946 0.023243933588761187 0.40153256704980844 0.020178799489144333 0.027330779054917 0.05683269476372923 0.01596424010217115 0.0720306513409962
0.020066334991708148 0.11459369817578771 0.02819237147595357 0.041127694859038125 0.17728026533996688 0.027860696517412933 0.04593698175787727 0.07064676616915425 0.04593698175787727 0.04610281923714758 0.07180762852404642 0.07048092868988391 0.043283582089552214 0.05953565505804307 0.13714759535655052
0.023976608187134537 0.0635477582846004 0.04717348927875246 0.17855750487329441 0.047758284600389896 0.07621832358674464 0.047368421052631594 0.1532163742690058 0.03469785575048737 0.07660818713450293 0.03274853801169595 0.0779727095516569 0.08966861598440544 0.02378167641325539 0.026705653021442524
0.03333333333333331 0.041077441077441046 0.045117845117845085 0.0966329966329966 0.060942760942760896 0.1346801346801348 0.055892255892255854 0.03703703703703701 0.04478114478114475 0.1895622895622897 0.0794612794612794 0.05319865319865316 0.03838383838383835 0.032996632996632975 0.056902356902356864
0.02979797979797981 0.0272727272727273 0.08005050505050507 0.04040404040404042 0.03661616161616169 0.13585858585858585 0.0282828282828283 0.1585858585858585 0.03510101010101014 0.18383838383838377 0.041161616161616205 0.06843434343434347 0.03686868686868689 0.02550505050505052 0.07222222222222228
0.14529914529914534 0.13120953120953122 0.10826210826210828 0.03449883449883451 0.01693861693861694 0.043848743848743856 0.060398860398860395 0.03947163947163946 0.0057498057498057455 0.014167314167314173 0.14952084952084949 0.019062419062419074 0.037917637917637914 0.014866614866614869 0.17878787878787877
0.03512544802867381 0.03942652329749101 0.04372759856630821 0.17992831541218643 0.07455197132616481 0.09390681003584227 0.03870967741935481 0.09462365591397845 0.06200716845878132 0.07455197132616483 0.04838709677419351 0.09318996415770606 0.03978494623655911 0.046594982078853014 0.03548387096774191
0.022222222222222237 0.05701275045537338 0.03697632058287794 0.057194899817850635 0.0333333333333333 0.07194899817850636 0.04171220400728595 0.06757741347905283 0.22094717668488156 0.03533697632058285 0.03369763205828777 0.034244080145719474 0.050819672131147534 0.043897996357012734 0.19307832422586513
0.026004728132387682 0.032624113475177303 0.031914893617021274 0.06548463356973992 0.03238770685579195 0.042316784869976344 0.06524822695035463 0.0737588652482269 0.05531914893617019 0.06075650118203308 0.03073286052009456 0.1557919621749409 0.24468085106382986 0.026477541371158392 0.056501182033096925
0.016388888888888866 0.24597222222222226 0.03111111111111112 0.018749999999999975 0.07597222222222222 0.019027777777777758 0.03722222222222223 0.03986111111111111 0.09291666666666666 0.02555555555555554 0.02124999999999998 0.04430555555555557 0.09569444444444439 0.05180555555555555 0.18416666666666662
0.025095785440613003 0.04693486590038313 0.05517241379310346 0.06015325670498083 0.07758620689655175 0.0839080459770115 0.02624521072796932 0.08218390804597704 0.0379310344827586 0.04061302681992337 0.02145593869731798 0.18563218390804606 0.029885057471264343 0.17490421455938704 0.05229885057471266
0.0423868312757202 0.0613168724279836 0.041563786008230484 0.045679012345679074 0.06213991769547329 0.14403292181069957 0.04320987654320992 0.0720164609053499 0.1102880658436214 0.05185185185185189 0.10205761316872428 0.04897119341563789 0.04979423868312763 0.0386831275720165 0.08600823045267493
0.035925925925925924 0.15259259259259242 0.08666666666666663 0.035555555555555535 0.03703703703703703 0.03740740740740739 0.1314814814814814 0.11999999999999988 0.11888888888888881 0.03592592592592591 0.037407407407407396 0.044074074074074064 0.03962962962962962 0.03888888888888887 0.048518518518518516
0.03460317460317454 0.14095238095238077 0.03809523809523803 0.03238095238095232 0.09142857142857135 0.039047619047618984 0.04158730158730152 0.05047619047619042 0.0428571428571428 0.034285714285714225 0.0374603174603174 0.03777777777777772 0.039047619047618984 0.0638095238095237 0.27619047619047593
0.03456790123456784 0.1756172839506173 0.04660493827160488 0.03611111111111105 0.05030864197530857 0.037345679012345624 0.05679012345679006 0.1435185185185185 0.11049382716049379 0.0358024691358024 0.03240740740740734 0.040432098765432044 0.05246913580246908 0.047530864197530796 0.09999999999999994
0.021684587813620055 0.022759856630824356 0.04157706093189961 0.246594982078853 0.1449820788530466 0.024910394265232956 0.02634408602150536 0.03369175627240141 0.042652329749103914 0.15448028673835132 0.04731182795698923 0.08243727598566311 0.05322580645161294 0.025985663082437258 0.031362007168458765
0.07342047930283212 0.029193899782135043 0.03551198257080607 0.03267973856209148 0.31503267973856175 0.034204793028322404 0.04313725490196074 0.04640522875816987 0.04444444444444439 0.06013071895424831 0.0359477124183006 0.09825708061002171 0.060348583877995576 0.0396514161220043 0.05163398692810451
0.0659961685823755 0.030172413793103463 0.025574712643678173 0.019061302681992333 0.04003831417624522 0.01772030651340995 0.04291187739463602 0.021360153256704966 0.4322796934865899 0.12040229885057471 0.01724137931034482 0.04942528735632186 0.023275862068965494 0.04492337164750957 0.049616858237547926
0.0444444444444444 0.054761904761904734 0.07023809523809518 0.05317460317460313 0.11269841269841273 0.041666666666666644 0.043650793650793655 0.05952380952380946 0.05595238095238092 0.06706349206349202 0.04285714285714285 0.12539682539682545 0.06349206349206343 0.04722222222222219 0.11785714285714287
0.04403292181069963 0.05637860082304531 0.04362139917695479 0.07160493827160495 0.0481481481481482 0.320164609053498 0.0423868312757202 0.04567901234567906 0.041975308641975344 0.04650205761316877 0.046502057613168765 0.05226337448559675 0.0584362139917696 0.041975308641975365 0.04032921810699592
0.017013888888888887 0.1996527777777778 0.030034722222222223 0.058680555555555555 0.1673611111111111 0.07152777777777777 0.03333333333333333 0.022743055555555555 0.02638888888888889 0.06736111111111111 0.0234375 0.057118055555555554 0.057291666666666664 0.022569444444444444 0.14548611111111112
0.06371527777777777 0.022048611111111113 0.03576388888888889 0.0720486111111111 0.03576388888888889 0.1467013888888889 0.030381944444444444 0.08038194444444445 0.059375 0.1328125 0.025868055555555554 0.10555555555555556 0.04565972222222222 0.02378472222222222 0.12013888888888889
0.05772946859903382 0.05120772946859904 0.1494363929146538 0.09863123993558776 0.02294685990338166 0.21441223832528172 0.0172302737520129 0.05120772946859902 0.02834138486312401 0.11433172302737521 0.049597423510467024 0.031481481481481506 0.04758454106280196 0.03880837359098231 0.02705314009661838
0.053445433564127925 0.030695680844048803 0.030761622156280886 0.008440487965710508 0.39729640619848333 0.035542367293109126 0.09142762940982523 0.011440817672271663 0.05783053082756347 0.021727662380481343 0.13949884602703597 0.026871084734586197 0.006099571381470486 0.022518958127266706 0.06640290141773822
0.022388059701492553 0.029519071310116062 0.024709784411276962 0.041625207296849084 0.03266998341625209 0.21625207296849097 0.02122719734660036 0.021393034825870665 0.025538971807628527 0.10978441127694863 0.33366500829187384 0.039303482587064655 0.037976782752902144 0.017578772802653422 0.02636815920398011
0.11505968778696055 0.017814508723599614 0.024885215794306702 0.014967860422405863 0.014508723599632671 0.05766758494031219 0.028282828282828278 0.020661157024793368 0.02681359044995408 0.09063360881542697 0.12011019283746555 0.0190082644628099 0.29816345270890726 0.012580348943985296 0.1388429752066115
0.024836601307189527 0.03529411764705879 0.030718954248365994 0.26535947712418273 0.03485838779956423 0.08649237472766874 0.03812636165577339 0.02701525054466228 0.09760348583877984 0.027668845315904116 0.025272331154684077 0.208061002178649 0.0361655773420479 0.02440087145969497 0.038126361655773384
0.030793650793650734 0.03841269841269834 0.034285714285714225 0.03714285714285708 0.043174603174603116 0.3212698412698408 0.0374603174603174 0.06698412698412685 0.0812698412698412 0.04888888888888882 0.03650793650793645 0.10095238095238085 0.034920634920634845 0.04571428571428564 0.04222222222222216
0.019999999999999976 0.01583333333333331 0.03986111111111111 0.06416666666666666 0.020277777777777752 0.28861111111111115 0.017777777777777753 0.059027777777777755 0.0425 0.04402777777777779 0.03180555555555555 0.13513888888888892 0.1438888888888889 0.016111111111111086 0.06097222222222221
0.02511111111111113 0.035111111111111135 0.03822222222222225 0.032888888888888905 0.10844444444444436 0.03911111111111114 0.034666666666666686 0.12488888888888883 0.04044444444444448 0.2226666666666667 0.07644444444444443 0.034666666666666686 0.05955555555555548 0.03800000000000003 0.0897777777777777
0.07414965986394564 0.053968253968253915 0.0965986394557823 0.03809523809523807 0.03764172335600906 0.026303854875283427 0.31133786848072575 0.073015873015873 0.06825396825396823 0.026303854875283438 0.024716553287981866 0.027437641723356 0.030612244897959176 0.023582766439909305 0.08798185941043082
0.02984126984126978 0.05269841269841262 0.03460317460317454 0.032063492063492 0.0393650793650793 0.030476190476190417 0.03746031746031739 0.07682539682539673 0.04126984126984122 0.03841269841269836 0.03492063492063486 0.04349206349206343 0.06412698412698403 0.03333333333333327 0.41111111111111065
0.0390804597701149 0.038697318007662795 0.08084291187739466 0.03601532567049804 0.1084291187739464 0.05938697318007659 0.153639846743295 0.05593869731800761 0.05134099616858236 0.064367816091954 0.03793103448275858 0.10344827586206902 0.042528735632183866 0.0896551724137931 0.038697318007662775
0.11590214067278294 0.02262996941896023 0.06279306829765548 0.18022426095820596 0.03353720693170236 0.03741080530071355 0.03139653414882774 0.04322120285423038 0.02038735983690111 0.2671763506625891 0.01845056065239551 0.0910295616717635 0.03547400611620796 0.025484199796126396 0.014882772680937809
0.041152263374485645 0.0386831275720165 0.05308641975308645 0.04362139917695479 0.061728395061728454 0.03909465020576136 0.06255144032921815 0.040740740740740786 0.13868312757201637 0.08106995884773666 0.08888888888888889 0.04979423868312763 0.14279835390946502 0.039094650205761354 0.07901234567901239
0.051023391812865485 0.10818713450292397 0.023976608187134478 0.06286549707602335 0.044590643274853785 0.11169590643274853 0.09561403508771929 0.020906432748538005 0.07982456140350876 0.026754385964912267 0.04663742690058474 0.16140350877192983 0.09561403508771929 0.02499999999999998 0.045906432748538006
0.05881481481481485 0.15377777777777776 0.029925925925925932 0.14118518518518516 0.08903703703703705 0.04903703703703705 0.019407407407407425 0.04400000000000001 0.01911111111111112 0.09333333333333338 0.01896296296296297 0.13822222222222225 0.037925925925925946 0.0860740740740741 0.0211851851851852
0.02269503546099287 0.04231678486997636 0.024822695035460987 0.02789598108747045 0.028368794326241117 0.10945626477541372 0.041371158392435 0.028132387706855798 0.034515366430260055 0.03333333333333335 0.03215130023640662 0.03711583924349882 0.029787234042553193 0.025531914893617 0.4825059101654847
0.027192982456140356 0.06783625730994147 0.0412280701754386 0.03157894736842104 0.036549707602339165 0.028070175438596474 0.1008771929824561 0.08742690058479528 0.036257309941520446 0.03450292397660817 0.029824561403508757 0.0330409356725146 0.036842105263157884 0.028362573099415197 0.38040935672514614
0.06666666666666662 0.03143274853801166 0.025438596491228052 0.028947368421052614 0.03172514619883037 0.22192982456140342 0.14766081871345033 0.03640350877192979 0.16301169590643266 0.06798245614035081 0.021783625730994148 0.05219298245614035 0.0513157894736842 0.014473684210526307 0.039035087719298235
0.0421052631578948 0.21438596491228068 0.017894736842105283 0.046549707602339195 0.16631578947368417 0.1342690058479532 0.01707602339181288 0.02233918128654972 0.016257309941520484 0.11836257309941524 0.04654970760233921 0.013684210526315802 0.06315789473684208 0.04140350877192987 0.03964912280701758
0.020765027322404386 0.2863387978142076 0.06648451730418937 0.024954462659380703 0.02167577413479054 0.05573770491803275 0.029690346083788684 0.039162112932604715 0.028597449908925304 0.032969034608378855 0.04899817850637519 0.02823315118397084 0.029143897996357006 0.03205828779599271 0.25519125683060107
0.03946360153256702 0.03831417624521068 0.03793103448275856 0.043295019157088076 0.03716475095785437 0.23256704980842935 0.03984674329501911 0.11647509578544074 0.03678160919540227 0.1072796934865901 0.04252873563218387 0.06704980842911873 0.05095785440613022 0.06704980842911876 0.043295019157088076
0.04355555555555558 0.15555555555555542 0.055555555555555594 0.046222222222222255 0.07288888888888895 0.046222222222222255 0.11022222222222222 0.05866666666666671 0.08222222222222228 0.05155555555555559 0.0417777777777778 0.057333333333333375 0.05733333333333336 0.056888888888888926 0.06400000000000004
0.04537037037037032 0.06157407407407408 0.06296296296296297 0.04629629629629626 0.07777777777777779 0.048148148148148114 0.14490740740740743 0.06342592592592597 0.08518518518518522 0.05277777777777777 0.054629629629629625 0.05231481481481482 0.05555555555555559 0.045370370370370325 0.10370370370370369
0.034814814814814805 0.06074074074074071 0.03851851851851853 0.04518518518518518 0.04037037037037036 0.041111111111111105 0.056296296296296254 0.25333333333333335 0.08185185185185181 0.06666666666666664 0.05444444444444444 0.04888888888888887 0.06629629629629626 0.03518518518518517 0.07629629629629626
0.030050505050505074 0.029545454545454562 0.03055555555555559 0.20454545454545456 0.19595959595959592 0.06237373737373743 0.03888888888888893 0.04797979797979801 0.03762626262626267 0.11464646464646466 0.03358585858585861 0.037373737373737406 0.046717171717171754 0.052525252525252586 0.03762626262626267
0.10433412135539803 0.02734436564223797 0.02592592592592591 0.042080378250591015 0.05350669818754923 0.2768321513002362 0.012923561859732076 0.035539795114263195 0.04743892828999212 0.030102442868400303 0.12308904649330184 0.028605200945626456 0.01985815602836879 0.025137903861308104 0.14728132387706855
0.1138888888888888 0.07649572649572642 0.03888888888888886 0.0331196581196581 0.03482905982905978 0.026923076923076897 0.19594017094017097 0.05619658119658112 0.0617521367521367 0.036752136752136705 0.029914529914529888 0.03119658119658117 0.057692307692307605 0.04829059829059823 0.1581196581196581
0.04285714285714283 0.038888888888888855 0.0464285714285714 0.31666666666666665 0.037698412698412676 0.03968253968253965 0.055555555555555525 0.040873015873015846 0.03730158730158729 0.044444444444444405 0.05198412698412699 0.12420634920634922 0.042063492063492046 0.03849206349206345 0.04285714285714284
0.01608623548922059 0.3761194029850745 0.01973466003316752 0.07661691542288557 0.05572139303482585 0.06086235489220564 0.031177446102819212 0.03913764510779435 0.04295190713101159 0.06169154228855721 0.022056384742951934 0.12006633499170814 0.025041459369817578 0.023880597014925394 0.02885572139303481
0.02078189300411525 0.020987654320987672 0.03456790123456792 0.21522633744855968 0.02427983539094653 0.02798353909465022 0.028600823045267502 0.12119341563786006 0.03395061728395063 0.052469135802469126 0.20185185185185187 0.04012345679012348 0.02921810699588479 0.03477366255144035 0.11399176954732512
0.033333333333333354 0.2288481141692151 0.03272171253822631 0.016615698267074396 0.04719673802242614 0.011824668705402636 0.07155963302752294 0.03863404689092762 0.08634046890927626 0.027013251783893973 0.02426095820591232 0.02548419979612641 0.02262996941896026 0.012436289500509673 0.32110091743119273
0.16882086167800467 0.031235827664399102 0.15544217687074835 0.06592970521541952 0.013775510204081621 0.11366213151927435 0.015759637188208605 0.010260770975056678 0.04438775510204082 0.06768707482993194 0.24614512471655342 0.015759637188208594 0.025793650793650785 0.0068594104308390014 0.018480725623582755
0.04603174603174599 0.21904761904761902 0.03888888888888886 0.04246031746031742 0.06825396825396816 0.04960317460317457 0.06785714285714281 0.12063492063492062 0.03888888888888887 0.06071428571428566 0.04365079365079362 0.07499999999999997 0.04246031746031744 0.04087301587301585 0.04563492063492061
0.031339031339031286 0.033048433048433 0.07692307692307684 0.03447293447293443 0.050427350427350394 0.03162393162393157 0.05356125356125351 0.042450142450142406 0.05527065527065523 0.08376068376068367 0.051282051282051225 0.052706552706552647 0.04558404558404553 0.031054131054131007 0.3264957264957261
0.025272331154684077 0.13856209150326781 0.036601307189542444 0.0925925925925925 0.16252723311546824 0.02636165577342046 0.04531590413943351 0.04248366013071892 0.044444444444444405 0.10958605664488007 0.027015250544662292 0.05054466230936814 0.058823529411764656 0.047058823529411695 0.09281045751633979
0.032996632996632975 0.03569023569023566 0.04444444444444441 0.031986531986531966 0.09360269360269356 0.03703703703703701 0.04141414141414139 0.18350168350168364 0.032996632996632975 0.15959595959595965 0.06632996632996628 0.04646464646464643 0.036363636363636334 0.11380471380471383 0.043771043771043745
0.11182795698924737 0.05232974910394261 0.061648745519713215 0.11146953405017918 0.04587813620071682 0.06989247311827952 0.07598566308243723 0.03978494623655911 0.047670250896057316 0.05663082437275982 0.04551971326164871 0.05806451612903222 0.043727598566308215 0.07383512544802862 0.10573476702508962
0.03793103448275858 0.07777777777777775 0.04559386973180074 0.04712643678160915 0.05555555555555552 0.07203065134099615 0.08352490421455938 0.07011494252873561 0.07586206896551721 0.08697318007662835 0.038697318007662795 0.04214559386973175 0.0551724137931034 0.05440613026819919 0.1570881226053641
