0.03999999999999999 0.051851851851851836 0.09518518518518512 0.13592592592592578 0.04925925925925923 0.08592592592592588 0.044444444444444446 0.17222222222222205 0.04259259259259257 0.04333333333333331 0.042592592592592585 0.05259259259259257 0.052222222222222205 0.048148148148148155 0.04370370370370369
0.024329501915708793 0.02241379310344826 0.026436781609195378 0.05747126436781613 0.1879310344827586 0.03314176245210725 0.11053639846743302 0.12298850574712647 0.020689655172413772 0.057088122605364 0.05210727969348661 0.10153256704980847 0.03084291187739461 0.061685823754789273 0.09080459770114949
0.05654761904761903 0.16349206349206355 0.030357142857142822 0.04107142857142854 0.04027777777777774 0.03154761904761902 0.16587301587301587 0.12698412698412703 0.0232142857142857 0.028174603174603165 0.06964285714285717 0.08650793650793652 0.046825396825396805 0.05773809523809523 0.03174603174603171
0.039159891598916016 0.04173441734417347 0.02344173441734419 0.09241192411924117 0.11626016260162603 0.04512195121951222 0.020054200542005435 0.07981029810298097 0.11368563685636854 0.021680216802168036 0.03848238482384827 0.27005420054200546 0.06409214092140916 0.01612466124661248 0.017886178861788633
0.08808080808080807 0.037373737373737365 0.015757575757575734 0.03202020202020202 0.06353535353535353 0.041212121212121186 0.032929292929292905 0.06666666666666671 0.03898989898989897 0.15464646464646462 0.21070707070707073 0.03212121212121209 0.07454545454545454 0.04585858585858586 0.06555555555555553
0.07123015873015874 0.03373015873015874 0.030456349206349223 0.019444444444444424 0.03432539682539682 0.45724206349206364 0.01646825396825396 0.058531746031746025 0.06517857142857145 0.045734126984127016 0.029960317460317458 0.0668650793650794 0.016269841269841268 0.025396825396825386 0.02916666666666667
0.08654970760233915 0.06286549707602336 0.05438596491228068 0.036549707602339186 0.08947368421052629 0.056725146198830366 0.0327485380116959 0.07573099415204675 0.03245614035087717 0.12807017543859647 0.03859649122807016 0.09035087719298236 0.06812865497076018 0.06052631578947366 0.08684210526315778
0.028888888888888846 0.035555555555555514 0.03527777777777773 0.030833333333333282 0.08083333333333334 0.06138888888888888 0.3177777777777779 0.06416666666666668 0.028333333333333287 0.05027777777777774 0.03666666666666662 0.07611111111111114 0.055833333333333325 0.029444444444444388 0.06861111111111111
0.08627450980392146 0.0977124183006535 0.03071895424836595 0.06274509803921555 0.038235294117647 0.07843137254901952 0.08267973856209139 0.10882352941176457 0.030392156862745035 0.044444444444444384 0.1183006535947711 0.03202614379084961 0.049346405228758085 0.036601307189542416 0.10326797385620902
0.03209876543209871 0.034567901234567835 0.04444444444444437 0.03672839506172834 0.0925925925925925 0.08981481481481474 0.038888888888888834 0.06790123456790118 0.031481481481481416 0.22129629629629627 0.05339506172839499 0.07993827160493823 0.10061728395061727 0.03549382716049376 0.04074074074074068
0.04804804804804807 0.038438438438438444 0.01723723723723724 0.03231231231231231 0.0365165165165165 0.04936936936936936 0.13057057057057056 0.033393393393393395 0.07969969969969969 0.11879879879879886 0.18996996996996995 0.029189189189189186 0.023783783783783784 0.15123123123123125 0.02144144144144143
0.049794238683127615 0.06090534979423875 0.04115226337448563 0.03827160493827165 0.0547325102880659 0.04897119341563789 0.050617283950617334 0.14279835390946496 0.03744855967078193 0.09423868312757197 0.052263374485596766 0.058847736625514464 0.08888888888888888 0.057613168724279906 0.1234567901234567
0.2223880597014925 0.0530679933665008 0.022885572139303496 0.019900497512437845 0.06882255389718077 0.0217247097844113 0.02106135986733004 0.15820895522388057 0.1281923714759537 0.026865671641791024 0.07479270315091209 0.03698175787728024 0.06981757877280263 0.04013266998341624 0.03515754560530679
0.08148148148148146 0.12674897119341558 0.0489711934156379 0.04074074074074078 0.06378600823045275 0.06790123456790129 0.057201646090535054 0.04279835390946508 0.04609053497942391 0.046090534979423906 0.07942386831275722 0.0563786008230453 0.0452674897119342 0.1489711934156378 0.048148148148148204
0.1177196804647784 0.12469135802469124 0.010602759622367454 0.009077705156136517 0.02106027596223673 0.019244734931009422 0.05671750181554098 0.023093681917211322 0.09920116194625984 0.03311546840958602 0.2441539578794478 0.02265795206971677 0.03798111837327518 0.11663035584604198 0.06405228758169931
0.03187613843351546 0.07704918032786884 0.057923497267759506 0.1138433515482696 0.0903460837887067 0.10965391621129324 0.032604735883424385 0.10200364298724957 0.07213114754098365 0.06721311475409832 0.033879781420765004 0.08979963570127504 0.03369763205828779 0.05683060109289616 0.031147540983606555
0.3698175787728024 0.04726368159203978 0.02703150912106136 0.020895522388059726 0.03150912106135985 0.0681592039800994 0.08126036484245434 0.023714759535655074 0.019237147595356576 0.023548922056384758 0.030348258706467648 0.04079601990049752 0.031011608623548917 0.1275290215588723 0.05787728026533995
0.12766439909297053 0.11269841269841271 0.016439909297052142 0.020918367346938783 0.03905895691609978 0.05606575963718819 0.04382086167800457 0.04200680272108845 0.026020408163265292 0.09336734693877549 0.021088435374149655 0.024943310657596376 0.009353741496598632 0.316780045351474 0.04977324263038549
0.023067632850241562 0.016666666666666698 0.01932367149758456 0.043719806763285046 0.022946859903381665 0.020652173913043498 0.04830917874396137 0.07958937198067631 0.028985507246376822 0.05772946859903384 0.022946859903381654 0.1695652173913044 0.05591787439613526 0.2411835748792271 0.14939613526570045
0.04307992202729048 0.020857699805068262 0.02241715399610139 0.019688109161793404 0.10077972709551654 0.018908382066276836 0.2695906432748539 0.16939571150097466 0.0274853801169591 0.06452241715399609 0.0497076023391813 0.048927875243664716 0.0504873294346979 0.05945419103313841 0.03469785575048737
0.27626262626262627 0.02184343434343436 0.01893939393939396 0.06250000000000003 0.04823232323232325 0.07777777777777775 0.04785353535353536 0.1234848484848485 0.05012626262626262 0.03838383838383841 0.02184343434343437 0.03308080808080809 0.04949494949494951 0.09318181818181819 0.0369949494949495
0.07975308641975302 0.20049382716049358 0.03827160493827157 0.02765432098765429 0.038765432098765415 0.03234567901234565 0.027654320987654288 0.09407407407407399 0.030123456790123418 0.20518518518518494 0.03679012345679009 0.0661728395061728 0.04740740740740737 0.03703703703703701 0.038271604938271565
0.02675736961451245 0.04195011337868478 0.02721088435374148 0.04126984126984127 0.030839002267573676 0.26666666666666666 0.04557823129251699 0.04875283446712015 0.025850340136054417 0.04195011337868479 0.04965986394557817 0.23786848072562353 0.025850340136054417 0.04897959183673465 0.04081632653061223
0.023544973544973525 0.19986772486772478 0.06798941798941792 0.06415343915343909 0.061507936507936456 0.07460317460317453 0.016798941798941775 0.041005291005290975 0.015343915343915328 0.05529100529100527 0.055423280423280374 0.09365079365079365 0.15793650793650796 0.017857142857142835 0.05502645502645498
0.03806921675774133 0.09307832422586526 0.02367941712204008 0.020582877959927158 0.18233151183970847 0.03624772313296902 0.1948998178506374 0.05373406193078323 0.02550091074681238 0.05628415300546446 0.07795992714025497 0.030783242258652064 0.07249544626593804 0.04717668488160291 0.04717668488160287
0.038615664845173044 0.0349726775956284 0.024225865209471766 0.020400728597449926 0.0449908925318761 0.018761384335154844 0.022040072859745012 0.0670309653916211 0.020218579234972694 0.03697632058287792 0.5329690346083786 0.04043715846994532 0.04080145719489981 0.02276867030965393 0.03479052823315117
0.03849206349206348 0.05515873015873014 0.04246031746031746 0.03968253968253965 0.07301587301587295 0.04444444444444443 0.04563492063492062 0.10198412698412702 0.04007936507936505 0.13928571428571426 0.06190476190476188 0.054761904761904755 0.06507936507936504 0.06944444444444438 0.12857142857142878
0.026763285024154572 0.04734299516908212 0.026473429951690802 0.014396135265700464 0.030241545893719777 0.07932367149758456 0.16173913043478266 0.0485024154589372 0.10608695652173918 0.02483091787439612 0.03120772946859902 0.07130434782608694 0.014396135265700466 0.27188405797101445 0.04550724637681158
0.05111111111111115 0.045333333333333364 0.056888888888888926 0.11688888888888885 0.056444444444444485 0.10666666666666665 0.12222222222222215 0.045777777777777806 0.0506666666666667 0.06977777777777783 0.05377777777777781 0.04977777777777781 0.06577777777777782 0.059111111111111156 0.04977777777777781
0.18654434250764526 0.017635066258919467 0.1592252803261978 0.05208970438328237 0.022629969418960238 0.021916411824668698 0.06687054026503571 0.041692150866462795 0.12629969418960243 0.035168195718654455 0.055453618756371045 0.060040774719673826 0.04770642201834863 0.02579001019367991 0.08093781855249743
0.10305555555555553 0.039166666666666614 0.04916666666666666 0.031666666666666614 0.046111111111111075 0.09277777777777778 0.11777777777777777 0.12499999999999999 0.0308333333333333 0.07694444444444445 0.06083333333333333 0.05916666666666664 0.09249999999999997 0.03722222222222217 0.03777777777777773
0.02857142857142856 0.02426303854875284 0.030612244897959166 0.040816326530612214 0.041723356009070275 0.16122448979591847 0.21088435374149678 0.08390022675736962 0.026530612244897948 0.028798185941043077 0.029251700680272094 0.1430839002267574 0.06530612244897961 0.02698412698412698 0.058049886621315216
0.09974603174603171 0.16933333333333336 0.016063492063492064 0.10304761904761908 0.07466666666666669 0.014412698412698417 0.007301587301587301 0.12730158730158725 0.10895238095238094 0.02825396825396828 0.11073015873015869 0.03180952380952382 0.026222222222222206 0.009841269841269835 0.07231746031746031
0.03495934959349596 0.03360433604336046 0.04010840108401086 0.08265582655826564 0.08807588075880765 0.07723577235772362 0.02981029810298105 0.17967479674796732 0.028455284552845548 0.04173441734417347 0.06829268292682932 0.07425474254742553 0.09241192411924122 0.08130081300813014 0.047425474254742576
0.05601851851851855 0.04097222222222223 0.037268518518518534 0.026388888888888892 0.10046296296296298 0.028472222222222232 0.15069444444444446 0.05300925925925926 0.025694444444444454 0.12129629629629626 0.042824074074074084 0.04421296296296297 0.1074074074074074 0.07523148148148147 0.0900462962962963
0.07891414141414141 0.04305555555555557 0.018560606060606076 0.055050505050505065 0.1702020202020202 0.026893939393939404 0.04305555555555558 0.15126262626262627 0.08068181818181813 0.07626262626262627 0.028409090909090925 0.09608585858585861 0.05984848484848486 0.045202020202020216 0.02651515151515153
0.1817901234567902 0.17060185185185178 0.014544753086419759 0.033410493827160485 0.017361111111111112 0.025964506172839498 0.03333333333333334 0.09305555555555557 0.006751543209876534 0.15127314814814816 0.029436728395061743 0.054166666666666675 0.01905864197530864 0.10154320987654318 0.06770833333333334
0.3811369509043928 0.029974160206718378 0.0369509043927649 0.0315245478036176 0.04806201550387602 0.044444444444444495 0.030749354005167994 0.055297157622739075 0.07958656330749363 0.041602067183462564 0.03746770025839797 0.07932816537467709 0.032816537467700295 0.03255813953488376 0.03850129198966413
0.030952380952380912 0.10841269841269835 0.08428571428571423 0.04412698412698409 0.048095238095238066 0.0344444444444444 0.06412698412698405 0.028253968253968212 0.020634920634920607 0.10666666666666666 0.04142857142857139 0.07222222222222216 0.02825396825396822 0.026825396825396794 0.26126984126984154
0.023966942148760318 0.052249770431588606 0.029384756657483937 0.014600550964187312 0.07759412304866849 0.09412304866850325 0.041230486685032146 0.0607897153351699 0.12001836547291099 0.11588613406795226 0.1329660238751148 0.06813590449954088 0.04931129476584022 0.05078053259871442 0.0689623507805326
0.021455938697318013 0.044588122605363996 0.010919540229885056 0.00938697318007662 0.21977969348659 0.031226053639846738 0.1200670498084291 0.03342911877394637 0.11187739463601529 0.07662835249042148 0.05905172413793105 0.05181992337164752 0.030842911877394658 0.13769157088122608 0.04123563218390806
0.08240740740740729 0.023518518518518515 0.026666666666666655 0.03833333333333333 0.025555555555555533 0.47962962962962963 0.09018518518518508 0.03055555555555554 0.01814814814814815 0.024999999999999994 0.03296296296296294 0.02777777777777777 0.04814814814814811 0.027222222222222214 0.023888888888888883
0.037681159420289906 0.024879227053140142 0.04420289855072469 0.05265700483091789 0.038164251207729545 0.08961352657004833 0.04420289855072468 0.08043478260869565 0.02753623188405802 0.03309178743961357 0.17657004830917875 0.054830917874396146 0.10628019323671503 0.15724637681159417 0.032608695652173954
0.020689655172413765 0.046934865900383135 0.02605363984674328 0.0193486590038314 0.06360153256704987 0.020498084291187723 0.1436781609195403 0.05172413793103448 0.028927203065134084 0.225095785440613 0.07068965517241382 0.03927203065134097 0.03065134099616856 0.1536398467432952 0.059195402298850654
0.013888888888888897 0.053252032520325183 0.018766937669376704 0.02676151761517616 0.266869918699187 0.013211382113821144 0.07527100271002708 0.02615176151761517 0.008739837398373989 0.049254742547425484 0.21368563685636854 0.02323848238482386 0.058943089430894276 0.05311653116531161 0.09884823848238479
0.02635327635327633 0.08931623931623922 0.031054131054131014 0.056980056980056905 0.05669515669515663 0.03874643874643871 0.02136752136752134 0.3894586894586892 0.016809116809116786 0.03660968660968657 0.019515669515669486 0.04871794871794867 0.06994301994301984 0.020940170940170914 0.07749287749287752
0.05051395007342146 0.09916789035731768 0.009300048947626044 0.006020558002936853 0.05242290748898678 0.01331375428291728 0.01116005873715125 0.08570729319627998 0.01791483113069016 0.4044052863436123 0.01982378854625552 0.01801272638277044 0.017327459618208526 0.022858541360744 0.17205090553108174
0.057622739018087905 0.13087855297157622 0.01821705426356591 0.016408268733850147 0.08436692506459956 0.06253229974160213 0.016020671834625338 0.0219638242894057 0.10607235142118868 0.16201550387596908 0.1157622739018088 0.021834625322997438 0.026227390180878576 0.03979328165374681 0.12028423772609806
0.17453703703703702 0.04722222222222218 0.04351851851851846 0.042592592592592536 0.05277777777777775 0.05694444444444444 0.0791666666666666 0.0976851851851852 0.04212962962962958 0.045833333333333275 0.0763888888888889 0.0430555555555555 0.04398148148148143 0.09305555555555556 0.06111111111111109
0.2802259887005649 0.09303201506591326 0.03163841807909601 0.05404896421845567 0.04180790960451972 0.0696798493408662 0.026930320150659097 0.04312617702448206 0.02485875706214686 0.037476459510357774 0.10169491525423725 0.0444444444444444 0.045951035781544206 0.06685499058380408 0.03822975517890769
0.025538971807628524 0.04378109452736319 0.029684908789386406 0.022885572139303503 0.023051409618573826 0.5529021558872307 0.019734660033167522 0.02255389718076287 0.0628524046434494 0.04394693200663348 0.036318407960198994 0.0388059701492537 0.02835820895522387 0.02636815920398011 0.02321724709784412
0.23267973856209123 0.08842203548085892 0.029131652661064402 0.05873015873015864 0.057983193277310864 0.01746031746031746 0.021848739495798308 0.03865546218487391 0.0963585434173668 0.06881419234360414 0.09281045751633982 0.0241830065359477 0.06031746031746025 0.01587301587301586 0.09673202614379087
0.12624113475177304 0.03829787234042554 0.047754137115839236 0.02695035460992907 0.07777777777777774 0.0364066193853428 0.05224586288416074 0.09432624113475177 0.025531914893617003 0.04846335697399527 0.06264775413711583 0.06477541371158393 0.0718676122931442 0.18156028368794327 0.045153664302600455
0.06977777777777783 0.19599999999999984 0.048000000000000036 0.044888888888888916 0.05600000000000004 0.04400000000000003 0.048000000000000036 0.06977777777777783 0.04888888888888892 0.06622222222222227 0.04888888888888892 0.07333333333333339 0.07200000000000005 0.05333333333333337 0.06088888888888893
0.03752834467120178 0.07732426303854877 0.022335600907029463 0.05487528344671203 0.34172335600907044 0.035374149659863914 0.019727891156462576 0.054535147392290234 0.06009070294784583 0.03911564625850339 0.02165532879818593 0.054988662131519254 0.02517006802721087 0.02664399092970519 0.12891156462585032
0.1226495726495725 0.06410256410256404 0.05256410256410254 0.04230769230769227 0.06709401709401705 0.0538461538461538 0.0585470085470085 0.07307692307692301 0.04188034188034184 0.047863247863247804 0.13162393162393152 0.04102564102564098 0.04017094017094013 0.09529914529914521 0.0679487179487179
0.0513002364066194 0.04349881796690303 0.034515366430260055 0.023877068557919594 0.08132387706855788 0.031205673758865255 0.07257683215130023 0.17990543735224587 0.02742316784869977 0.062411347517730476 0.06382978723404252 0.09787234042553193 0.14917257683215127 0.04586288416075649 0.03522458628841609
0.2995934959349593 0.11897018970189696 0.02411924119241194 0.042005420054200576 0.048509485094850965 0.03699186991869922 0.0296747967479675 0.09485094850948503 0.02981029810298105 0.027100271002710043 0.034552845528455306 0.019105691056910585 0.08089430894308938 0.01680216802168023 0.09701897018970189
0.12240740740740738 0.08722222222222215 0.025740740740740734 0.03277777777777776 0.11870370370370369 0.1022222222222222 0.028888888888888874 0.07444444444444438 0.06499999999999993 0.054629629629629604 0.06092592592592587 0.08888888888888884 0.038148148148148125 0.04592592592592589 0.05407407407407409
0.03824289405684758 0.06046511627906982 0.05012919896640832 0.0697674418604652 0.03617571059431529 0.10051679586563317 0.036175710594315284 0.07080103359173134 0.03152454780361761 0.056072351421188674 0.04186046511627912 0.10077519379844971 0.10801033591731278 0.04987080103359179 0.14961240310077537
0.026881720430107506 0.019713261648745505 0.027060931899641563 0.03387096774193546 0.09767025089605741 0.07741935483870974 0.041039426523297465 0.08530465949820794 0.019354838709677406 0.047670250896057316 0.12455197132616491 0.0976702508960574 0.09767025089605738 0.15304659498207887 0.05107526881720434
0.023948220064724912 0.022977346278317146 0.01909385113268608 0.013052858683926642 0.07928802588996772 0.03603020496224379 0.016289104638619198 0.1337648327939591 0.0378640776699029 0.1436893203883496 0.24865156418554496 0.0886731391585761 0.02718446601941747 0.01833872707659115 0.0911542610571738
0.02494758909853251 0.029769392033543004 0.03228511530398327 0.026415094339622667 0.03333333333333336 0.4255765199161426 0.030817610062893127 0.09392033542976944 0.021802935010482177 0.05471698113207555 0.04025157232704407 0.10922431865828103 0.02327044025157233 0.028092243186582856 0.02557651991614258
0.06296296296296289 0.061904761904761796 0.06402116402116395 0.053968253968253894 0.07513227513227502 0.05449735449735442 0.051851851851851774 0.11322751322751314 0.05449735449735442 0.05925925925925918 0.074074074074074 0.06613756613756604 0.0978835978835978 0.05502645502645496 0.05555555555555547
0.19714714714714718 0.051501501501501484 0.022972972972972988 0.022222222222222247 0.08858858858858855 0.043093093093093095 0.04669669669669669 0.12807807807807808 0.05795795795795793 0.032432432432432455 0.07297297297297295 0.14834834834834834 0.02222222222222224 0.0316816816816817 0.0340840840840841
0.051111111111111135 0.07466666666666673 0.04844444444444448 0.04400000000000003 0.11511111111111112 0.048000000000000036 0.04222222222222225 0.0835555555555556 0.04133333333333336 0.10444444444444446 0.04888888888888892 0.0644444444444445 0.12355555555555549 0.04222222222222225 0.06800000000000005
0.03954802259887 0.17683615819209048 0.024858757062146877 0.040677966101694864 0.051035781544256066 0.02900188323917134 0.022222222222222195 0.09472693032015062 0.02485875706214686 0.07325800376647824 0.042937853107344576 0.04067796610169487 0.18700564971751416 0.03521657250470806 0.11713747645951036
0.023188405797101432 0.16637681159420287 0.011980676328502398 0.03507246376811592 0.0226086956521739 0.017198067632850225 0.15294685990338167 0.17439613526570052 0.13091787439613528 0.058550724637681135 0.0935265700483092 0.016714975845410603 0.01574879227053138 0.04937198067632852 0.03140096618357484
0.15306915306915309 0.09425019425019424 0.017560217560217584 0.021522921522921522 0.02742812742812744 0.07668997668997671 0.09292929292929293 0.03838383838383839 0.08150738150738153 0.02828282828282828 0.027350427350427357 0.2410256410256409 0.010878010878010868 0.051359751359751384 0.03776223776223779
0.16317460317460292 0.04190476190476184 0.047936507936507854 0.0673015873015872 0.037460317460317395 0.05365079365079357 0.06634920634920624 0.21904761904761877 0.03301587301587296 0.05619047619047611 0.044761904761904704 0.04952380952380945 0.0431746031746031 0.03492063492063486 0.04158730158730153
0.1841269841269841 0.013492063492063475 0.05390211640211641 0.07156084656084656 0.017394179894179875 0.17050264550264557 0.15085978835978842 0.02268518518518518 0.0654100529100529 0.012764550264550256 0.15112433862433863 0.024933862433862416 0.010846560846560839 0.024603174603174585 0.025793650793650792
0.06507936507936501 0.07460317460317453 0.03571428571428568 0.029629629629629582 0.055555555555555504 0.04047619047619043 0.02883597883597879 0.1428571428571427 0.09153439153439144 0.04550264550264546 0.06402116402116395 0.07830687830687823 0.18544973544973525 0.025925925925925887 0.036507936507936455
0.10718954248366003 0.05395787944807547 0.022294843863471303 0.03522149600580969 0.02679738562091501 0.2765432098765429 0.08242556281771957 0.0278867102396514 0.04909222948438629 0.017066085693536657 0.19724037763253435 0.05548293391430643 0.019825708061002166 0.014161220043572969 0.014814814814814802
0.01236003445305772 0.0477174849267873 0.01111111111111112 0.005167958656330756 0.09354005167958664 0.005641688199827741 0.010206718346253241 0.044056847545219685 0.04267872523686482 0.08738156761412587 0.5130490956072352 0.015460809646856172 0.012618432385874259 0.06158484065460817 0.03742463393626187
0.17261904761904756 0.016005291005290984 0.05291005291005284 0.08015873015873007 0.04232804232804228 0.230026455026455 0.017989417989417965 0.026455026455026426 0.01970899470899469 0.017724867724867702 0.13716931216931222 0.04999999999999998 0.06878306878306868 0.042460317460317434 0.025661375661375645
0.11054131054131043 0.04330484330484326 0.05099715099715094 0.0532763532763532 0.07891737891737885 0.07834757834757825 0.034188034188034136 0.086039886039886 0.040170940170940125 0.05185185185185181 0.03618233618233613 0.04131054131054128 0.058974358974358924 0.04729344729344724 0.18860398860398844
0.05291005291005284 0.04920634920634913 0.056084656084656 0.17407407407407385 0.04973544973544966 0.13809523809523797 0.04814814814814808 0.04761904761904755 0.050264550264550206 0.04973544973544966 0.04973544973544966 0.07354497354497345 0.05291005291005284 0.05555555555555547 0.05238095238095229
0.03677248677248672 0.1256613756613755 0.046825396825396805 0.05105820105820098 0.03835978835978832 0.07883597883597875 0.04656084656084651 0.04867724867724865 0.028571428571428532 0.056613756613756554 0.03148148148148144 0.05158730158730155 0.05370370370370365 0.14708994708994688 0.15820105820105826
0.49059059059059085 0.01501501501501501 0.026426426426426418 0.06356356356356355 0.01311311311311312 0.06526526526526524 0.017817817817817806 0.014314314314314321 0.04574574574574574 0.015715715715715704 0.05405405405405404 0.029029029029029024 0.011311311311311321 0.10870870870870865 0.029329329329329305
0.09928315412186388 0.04802867383512543 0.029569892473118264 0.03512544802867381 0.12634408602150543 0.048745519713261624 0.03512544802867382 0.10107526881720436 0.02293906810035841 0.0591397849462366 0.08745519713261651 0.07777777777777786 0.034587813620071656 0.15985663082437282 0.03494623655913976
0.017435897435897404 0.04769230769230767 0.03076923076923075 0.02119658119658117 0.17880341880341885 0.07675213675213667 0.02564102564102561 0.0793162393162393 0.07042735042735035 0.050598290598290546 0.04735042735042732 0.19897435897435886 0.07897435897435891 0.028717948717948676 0.04735042735042732
0.06810699588477366 0.12479423868312758 0.02253086419753087 0.03878600823045265 0.055864197530864204 0.04526748971193413 0.015226337448559687 0.12952674897119335 0.06316872427983543 0.11255144032921813 0.12366255144032919 0.046090534979423836 0.030555555555555555 0.07325102880658435 0.0506172839506173
0.29262626262626246 0.18030303030303033 0.014545454545454523 0.012020202020202 0.03878787878787876 0.017474747474747445 0.010808080808080786 0.05575757575757576 0.011616161616161594 0.15565656565656574 0.04939393939393939 0.02585858585858584 0.047676767676767665 0.019595959595959563 0.06787878787878791
0.027407407407407398 0.012641975308641968 0.006320987654320977 0.014222222222222216 0.02627160493827161 0.015604938271604933 0.1649876543209876 0.029382716049382716 0.08320987654320984 0.04479012345679012 0.4986172839506172 0.03007407407407407 0.024345679012345675 0.00972839506172839 0.012395061728395062
0.028502415458937225 0.018438003220611926 0.014895330112721426 0.010547504025764898 0.17157809983896943 0.02962962962962966 0.09025764895330118 0.10201288244766506 0.13703703703703696 0.02818035426731081 0.15491143317230271 0.07117552334943639 0.04613526570048311 0.06602254428341384 0.03067632850241548
0.15246031746031738 0.028650793650793618 0.029682539682539647 0.013095238095238073 0.08531746031746033 0.07595238095238084 0.015555555555555534 0.0869047619047618 0.09603174603174594 0.02095238095238093 0.028888888888888867 0.07214285714285708 0.053809523809523745 0.21436507936507943 0.02619047619047616
0.032763532763532714 0.04871794871794867 0.04017094017094012 0.11851851851851837 0.07749287749287742 0.1675213675213673 0.1831908831908829 0.04074074074074071 0.030484330484330427 0.04074074074074068 0.05356125356125351 0.045299145299145256 0.029629629629629582 0.047008547008546966 0.04415954415954412
0.014396135265700464 0.02299516908212558 0.022028985507246353 0.022898550724637652 0.02512077294685988 0.4560386473429953 0.09294685990338167 0.021642512077294666 0.013816425120772921 0.01893719806763283 0.014396135265700459 0.19101449275362323 0.017777777777777757 0.03565217391304346 0.030338164251207708
0.01991991991991992 0.03983983983983983 0.10080080080080084 0.02212212212212212 0.026626626626626616 0.1955955955955956 0.04864864864864864 0.2312312312312313 0.0957957957957958 0.023423423423423403 0.059459459459459456 0.07867867867867867 0.014614614614614609 0.022322322322322317 0.020920920920920915
0.06202020202020199 0.08202020202020201 0.029292929292929253 0.023232323232323188 0.08646464646464644 0.03090909090909086 0.2175757575757575 0.11616161616161619 0.023232323232323188 0.046464646464646424 0.10646464646464647 0.042626262626262575 0.07999999999999995 0.02747474747474744 0.02606060606060602
0.02246376811594204 0.014734299516908234 0.017270531400966207 0.12149758454106266 0.015942028985507267 0.325 0.0361111111111111 0.022463768115942053 0.012198067632850262 0.020772946859903413 0.016183574879227076 0.04190821256038647 0.013405797101449297 0.05555555555555555 0.26449275362318836
0.0347381864623244 0.17088122605363992 0.03205619412515965 0.013920817369093235 0.060919540229885064 0.014814814814814824 0.014303959131545344 0.022349936143039602 0.13307790549169865 0.15491698595146872 0.09067688378033208 0.026436781609195433 0.018773946360153275 0.10510855683269482 0.10702426564495525
0.039506172839506186 0.06378600823045268 0.06913580246913577 0.04362139917695474 0.062345679012345674 0.21008230452674903 0.08230452674897115 0.09979423868312759 0.02613168724279839 0.027160493827160525 0.05370370370370369 0.05555555555555554 0.04732510288065845 0.07345679012345678 0.046090534979423885
0.058333333333333286 0.14920634920634912 0.04246031746031743 0.10634920634920635 0.06031746031746027 0.061111111111111074 0.07063492063492058 0.05595238095238091 0.03928571428571426 0.05873015873015869 0.04484126984126982 0.04642857142857143 0.06269841269841266 0.07380952380952376 0.06984126984126979
0.03035230352303525 0.052303523035230386 0.03739837398373986 0.026287262872628746 0.07588075880758813 0.034417344173441757 0.06829268292682932 0.07100271002710032 0.030623306233062354 0.055555555555555594 0.07696476964769652 0.11111111111111113 0.10894308943089429 0.18238482384823843 0.03848238482384826
0.03745704467353949 0.03424971363115692 0.09117983963344788 0.020504009163802954 0.09816723940435271 0.04066437571592209 0.11237113402061844 0.25830469644902604 0.018900343642611662 0.04272623138602517 0.027720504009163777 0.11088201603665514 0.05498281786941577 0.024627720504009146 0.02726231386025198
0.09199999999999996 0.0372222222222222 0.02977777777777777 0.05699999999999998 0.03899999999999998 0.12811111111111104 0.06344444444444441 0.23311111111111119 0.014555555555555566 0.03677777777777778 0.051333333333333286 0.04199999999999996 0.043555555555555535 0.05244444444444442 0.07966666666666665
0.19401709401709372 0.040455840455840414 0.035897435897435846 0.033048433048433 0.03960113960113954 0.03931623931623927 0.05641025641025633 0.07293447293447285 0.02962962962962958 0.06410256410256403 0.136182336182336 0.1074074074074073 0.050142450142450085 0.054700854700854645 0.0461538461538461
0.03939393939393937 0.03703703703703701 0.049831649831649796 0.04276094276094273 0.058585858585858554 0.08922558922558918 0.06498316498316493 0.23131313131313133 0.03636363636363634 0.03939393939393937 0.04141414141414138 0.09326599326599323 0.09629629629629627 0.040067340067340036 0.040067340067340036
0.023209876543209863 0.03419753086419751 0.023333333333333314 0.013333333333333315 0.22209876543209883 0.04999999999999996 0.09345679012345677 0.09296296296296291 0.01382716049382714 0.03987654320987653 0.14617283950617269 0.08901234567901231 0.032839506172839476 0.10098765432098755 0.024691358024691336
0.20576519916142552 0.020020964360587028 0.014046121593291426 0.06855345911949688 0.0355345911949686 0.05314465408805038 0.189203354297694 0.022431865828092274 0.16645702306079674 0.01897274633123692 0.02148846960167718 0.016457023060796664 0.016561844863731676 0.12442348008385748 0.026939203354297718
0.04848484848484844 0.018787878787878746 0.029090909090909053 0.05616161616161619 0.024040404040404004 0.024848484848484814 0.061010101010100966 0.05212121212121212 0.020202020202020166 0.12686868686868685 0.0624242424242424 0.10666666666666672 0.019191919191919156 0.1567676767676767 0.19333333333333355
0.017135207496653274 0.44417670682730903 0.019946452476572955 0.05247657295850066 0.08246318607764389 0.025702811244979924 0.03828647925033467 0.07108433734939755 0.014993306559571614 0.05515394912985274 0.0827309236947791 0.034404283801874165 0.024899598393574297 0.017135207496653277 0.01941097724230254
0.03245614035087717 0.038011695906432726 0.03567251461988303 0.030994152046783612 0.04181286549707601 0.030409356725146185 0.03245614035087719 0.04122807017543858 0.03976608187134501 0.32690058479532147 0.034502923976608174 0.044444444444444425 0.030409356725146188 0.03625730994152046 0.20467836257309982
0.047392290249433075 0.04421768707482991 0.02607709750566893 0.02244897959183675 0.058276643990929695 0.03741496598639453 0.2263038548752834 0.06507936507936504 0.02199546485260773 0.10544217687074825 0.05328798185941037 0.10317460317460318 0.11179138321995465 0.034920634920634894 0.042176870748299275
0.031072124756335306 0.08865497076023392 0.03204678362573102 0.029941520467836297 0.03742690058479537 0.02970760233918131 0.019454191033138404 0.05516569200779726 0.03812865497076028 0.15649122807017543 0.366159844054581 0.061754385964912284 0.010760233918128663 0.021286549707602357 0.02194931773879144
0.028049382716049377 0.013975308641975298 0.0064197530864197475 0.014864197530864187 0.028345679012345665 0.016641975308641973 0.1601481481481481 0.030074074074074073 0.08385185185185183 0.04523456790123456 0.4982716049382715 0.028296296296296295 0.024098765432098757 0.009283950617283942 0.012444444444444435
0.01908496732026142 0.0985620915032679 0.017124183006535933 0.027058823529411743 0.14705882352941163 0.151503267973856 0.06732026143790841 0.144705882352941 0.01411764705882351 0.020130718954248342 0.10941176470588226 0.05359477124183002 0.07686274509803911 0.02509803921568626 0.028366013071895412
0.22285974499089253 0.06220400728597451 0.013114754098360657 0.010655737704918043 0.044899817850637534 0.014298724954462652 0.012932604735883431 0.15382513661202182 0.03615664845173042 0.05264116575591983 0.12832422586520942 0.016757741347905263 0.01857923497267759 0.10874316939890709 0.10400728597449908
0.09756944444444444 0.04236111111111111 0.06736111111111111 0.04131944444444444 0.05416666666666667 0.05173611111111111 0.1326388888888889 0.044444444444444446 0.0375 0.05138888888888889 0.07430555555555556 0.1076388888888889 0.07430555555555556 0.05659722222222222 0.06666666666666667
0.03245149911816576 0.024514991181657817 0.05432098765432095 0.037213403880070495 0.057142857142857134 0.11093474426807745 0.04567901234567895 0.09047619047619047 0.07354497354497345 0.02504409171075834 0.036860670194003485 0.2901234567901231 0.02557319223985887 0.032627865961199265 0.06349206349206346
0.18519965277777778 0.05681423611111111 0.009809027777777778 0.005815972222222222 0.22921006944444444 0.014279513888888888 0.03967013888888889 0.08342013888888888 0.021744791666666666 0.06228298611111111 0.07643229166666667 0.04197048611111111 0.027907986111111113 0.018446180555555556 0.12699652777777778
0.04517304189435336 0.12507589556769885 0.013357619914996972 0.006739526411657564 0.10279295689131754 0.019125683060109307 0.08816029143897994 0.033879781420765004 0.06642380085003033 0.06126290224650881 0.11687917425622349 0.23023679417122034 0.03715846994535518 0.011232544019429273 0.042501517911353946
0.3346707818930042 0.01337448559670783 0.015329218106995899 0.04454732510288067 0.03580246913580245 0.03353909465020574 0.028292181069958837 0.07479423868312762 0.06790123456790124 0.031995884773662546 0.14012345679012345 0.027674897119341554 0.011625514403292193 0.019341563786008244 0.12098765432098765
0.03134171907756816 0.21079664570230613 0.015932914046121613 0.02368972746331239 0.04937106918238997 0.06771488469601679 0.01603773584905662 0.1754716981132076 0.13710691823899368 0.1010482180293501 0.04958071278826001 0.02861635220125791 0.04119496855345915 0.020335429769392063 0.03176100628930821
0.04238683127572022 0.04732510288065847 0.04732510288065849 0.1395061728395061 0.05596707818930044 0.04279835390946508 0.0432098765432099 0.044444444444444474 0.04650205761316877 0.05020576131687248 0.05390946502057619 0.05020576131687248 0.23868312757201643 0.04650205761316877 0.05102880658436221
0.08518518518518511 0.055555555555555476 0.053439153439153356 0.167195767195767 0.05714285714285706 0.05502645502645496 0.05396825396825389 0.05132275132275125 0.056084656084655994 0.052380952380952306 0.05873015873015864 0.06613756613756608 0.05079365079365071 0.06666666666666657 0.07037037037037029
0.2610107095046853 0.07643908969210174 0.007530120481927713 0.02543507362784471 0.02817938420348059 0.0180388219544846 0.04926372155287818 0.07496653279785809 0.09370816599732261 0.07372824631860776 0.13778447121820617 0.03537483266398929 0.01974564926372155 0.033266398929049514 0.06552878179384201
0.04127946127946128 0.07185185185185183 0.010707070707070715 0.018922558922558903 0.028754208754208723 0.01272727272727273 0.08585858585858584 0.06747474747474747 0.040067340067340015 0.22060606060606067 0.04666666666666664 0.11993265993265996 0.02659932659932658 0.023232323232323233 0.1853198653198654
0.1605820105820104 0.05158730158730154 0.02910052910052906 0.026719576719576685 0.045238095238095195 0.035714285714285664 0.20370370370370344 0.08703703703703694 0.026455026455026415 0.034391534391534355 0.041798941798941766 0.0666666666666666 0.026455026455026415 0.13571428571428557 0.02883597883597881
0.012721417069243159 0.07351046698872787 0.021819645732689227 0.016183574879227062 0.0634460547504026 0.03180354267310792 0.26127214170692437 0.0173913043478261 0.11650563607085342 0.05571658615136877 0.140901771336554 0.10877616747181966 0.029227053140096656 0.024959742351046716 0.02576489533011274
0.04412698412698406 0.20666666666666642 0.03523809523809518 0.033650793650793584 0.08666666666666653 0.03142857142857137 0.03999999999999994 0.08158730158730153 0.03492063492063486 0.09682539682539673 0.0612698412698412 0.07682539682539677 0.07492063492063482 0.034603174603174545 0.06126984126984118
0.2975124378109454 0.06290768380320623 0.02172470978441127 0.011995577667219452 0.035931453841901606 0.026202321724709765 0.1862354892205637 0.06926478717523496 0.05107794361525705 0.01669430624654505 0.03084577114427861 0.0937534549474848 0.02238805970149253 0.04483139856274186 0.028634604754007736
0.07521367521367515 0.05042735042735039 0.024572649572649548 0.02393162393162391 0.03632478632478627 0.023931623931623906 0.08547008547008539 0.18397435897435885 0.06645299145299134 0.1136752136752136 0.03995726495726494 0.0489316239316239 0.03440170940170936 0.049145299145299096 0.14358974358974363
0.19259259259259262 0.0526748971193416 0.038271604938271656 0.03909465020576137 0.05432098765432105 0.06543209876543216 0.04732510288065849 0.06790123456790131 0.0386831275720165 0.048148148148148204 0.042798353909465084 0.05226337448559675 0.131275720164609 0.07818930041152267 0.05102880658436219
0.06111111111111102 0.06444444444444433 0.05611111111111102 0.05444444444444436 0.06277777777777768 0.08055555555555548 0.05944444444444435 0.06666666666666658 0.05166666666666658 0.061666666666666564 0.05944444444444434 0.07722222222222214 0.09499999999999993 0.06277777777777767 0.08666666666666663
0.023132969034608392 0.022950819672131154 0.05336976320582874 0.13132969034608383 0.09981785063752269 0.17723132969034597 0.09799635701275046 0.04462659380692163 0.022950819672131157 0.04826958105646625 0.02550091074681239 0.0415300546448087 0.061748633879781405 0.11839708561020042 0.03114754098360653
0.04396135265700491 0.04492753623188413 0.07584541062801943 0.08647342995169094 0.05410628019323681 0.052173913043478355 0.04830917874396144 0.091304347826087 0.04444444444444452 0.04975845410628028 0.06183574879227063 0.07004830917874408 0.17584541062801953 0.054589371980676406 0.04637681159420299
0.059829059829059776 0.1181929181929181 0.03308913308913307 0.017582417582417575 0.06825396825396825 0.022832722832722824 0.017338217338217318 0.11831501831501823 0.06666666666666658 0.040415140415140396 0.30549450549450513 0.04615384615384613 0.029426129426129412 0.02844932844932844 0.027960927960927934
0.02343987823439881 0.061187214611872126 0.03500761035007614 0.05601217656012173 0.030441400304414033 0.1292237442922374 0.1596651445966515 0.03607305936073062 0.02176560121765604 0.067427701674277 0.08873668188736679 0.07610350076103499 0.046879756468797565 0.09315068493150681 0.07488584474885836
0.05015873015873009 0.04031746031746028 0.03650793650793645 0.04793650793650785 0.04317460317460311 0.16412698412698393 0.23841269841269805 0.04761904761904755 0.03142857142857137 0.03301587301587294 0.03238095238095232 0.07809523809523802 0.059999999999999915 0.0555555555555555 0.041269841269841206
0.028937728937728915 0.16593406593406576 0.018192918192918184 0.05274725274725268 0.18351648351648336 0.05164835164835161 0.013431013431013413 0.07606837606837599 0.01684981684981684 0.03137973137973135 0.03125763125763124 0.1195360195360194 0.15433455433455417 0.01758241758241756 0.03858363858363856
