0.06809116809116803 0.03361823361823356 0.03960113960113956 0.04558404558404554 0.07863247863247855 0.02991452991452987 0.0444444444444444 0.045014245014244975 0.029629629629629582 0.2900284900284897 0.04843304843304837 0.03190883190883186 0.05071225071225067 0.0737891737891737 0.0905982905982905
0.15479797979797985 0.05770202020202023 0.0551767676767677 0.08914141414141415 0.03383838383838386 0.01755050505050507 0.0939393939393939 0.16590909090909092 0.017803030303030324 0.0316919191919192 0.017045454545454565 0.03270202020202022 0.028661616161616166 0.0669191919191919 0.1371212121212122
0.04957264957264952 0.046153846153846115 0.04273504273504271 0.11196581196581185 0.04871794871794867 0.04188034188034184 0.0572649572649572 0.06752136752136748 0.04188034188034184 0.06752136752136746 0.08290598290598282 0.05384615384615378 0.048290598290598244 0.1978632478632477 0.04188034188034183
0.03174603174603168 0.03999999999999995 0.03428571428571424 0.05936507936507928 0.03238095238095232 0.07206349206349195 0.05746031746031739 0.05333333333333326 0.037460317460317395 0.037460317460317395 0.34285714285714236 0.04444444444444436 0.0412698412698412 0.08126984126984114 0.03460317460317455
0.04269005847953216 0.09883040935672509 0.04181286549707604 0.06549707602339175 0.13771929824561394 0.036257309941520474 0.05847953216374264 0.05087719298245612 0.04532163742690058 0.10789473684210524 0.033625730994152024 0.032456140350877176 0.051754385964912254 0.07426900584795314 0.12251461988304091
0.01731266149870803 0.018863049095607255 0.026356589147286842 0.034625322997416046 0.015116279069767459 0.3069767441860465 0.02299741602067185 0.05245478036175716 0.13255813953488377 0.022739018087855323 0.10245478036175718 0.18514211886304896 0.019379844961240327 0.018863049095607258 0.02416020671834627
0.04548611111111111 0.04236111111111111 0.04791666666666667 0.06354166666666666 0.22847222222222222 0.034375 0.06701388888888889 0.05625 0.052083333333333336 0.09236111111111112 0.03784722222222222 0.06458333333333334 0.03888888888888889 0.07951388888888888 0.049305555555555554
0.030630630630630665 0.029129129129129138 0.09309309309309306 0.04024024024024029 0.055255255255255285 0.42792792792792794 0.03363363363363366 0.03423423423423424 0.041141141141141174 0.028828828828828826 0.051351351351351354 0.03423423423423425 0.03183183183183185 0.039339339339339356 0.02912912912912914
0.08266666666666674 0.04400000000000003 0.044888888888888916 0.0804444444444445 0.048000000000000036 0.04355555555555558 0.07822222222222228 0.0506666666666667 0.044444444444444474 0.04400000000000003 0.18933333333333333 0.047111111111111145 0.08311111111111116 0.05777777777777782 0.06177777777777782
0.04768518518518515 0.04768518518518516 0.08703703703703698 0.049537037037036984 0.043055555555555514 0.09259259259259257 0.15787037037037033 0.0587962962962963 0.0509259259259259 0.0574074074074074 0.0717592592592592 0.04722222222222217 0.06481481481481483 0.06574074074074071 0.05787037037037038
0.03687943262411348 0.02600472813238769 0.037115839243498816 0.05508274231678486 0.039007092198581554 0.026950354609929086 0.04940898345153663 0.037115839243498816 0.02907801418439717 0.06335697399527186 0.06619385342789595 0.09550827423167851 0.37234042553191504 0.031205673758865245 0.03475177304964539
0.06543209876543203 0.03734567901234562 0.03395061728395055 0.04074074074074067 0.2537037037037037 0.03024691358024686 0.08549382716049374 0.04567901234567897 0.035185185185185125 0.06234567901234563 0.03240740740740735 0.08672839506172833 0.04876543209876537 0.08765432098765427 0.05432098765432091
0.044949494949494996 0.11893939393939397 0.02904040404040406 0.05303030303030308 0.17803030303030304 0.028282828282828302 0.053535353535353554 0.07095959595959596 0.054797979797979846 0.0421717171717172 0.03535353535353539 0.039898989898989934 0.029797979797979827 0.1065656565656566 0.11464646464646469
0.0258230452674897 0.047222222222222235 0.045473251028806574 0.13611111111111113 0.03641975308641973 0.03127572016460905 0.019238683127572032 0.3808641975308642 0.04053497942386831 0.055246913580246915 0.014917695473251039 0.027983539094650213 0.022736625514403298 0.04526748971193415 0.07088477366255146
0.25555555555555565 0.024646464646464594 0.04383838383838379 0.02727272727272723 0.031717171717171665 0.03373737373737368 0.038383838383838347 0.10767676767676762 0.024646464646464607 0.04949494949494945 0.02262626262626258 0.1286868686868686 0.14888888888888877 0.031111111111111065 0.031717171717171665
0.08888888888888884 0.03962962962962962 0.04962962962962962 0.10259259259259254 0.041111111111111105 0.039629629629629605 0.12333333333333325 0.06185185185185183 0.047037037037036995 0.05888888888888888 0.03925925925925925 0.043703703703703675 0.0437037037037037 0.10037037037037033 0.12037037037037028
0.07380952380952377 0.04722222222222219 0.16825396825396816 0.0797619047619047 0.04484126984126982 0.06507936507936501 0.05595238095238092 0.06587301587301585 0.05873015873015873 0.047222222222222214 0.04563492063492063 0.0678571428571428 0.05793650793650792 0.07023809523809516 0.05158730158730155
0.02248062015503878 0.055297157622739075 0.04379844961240314 0.05736434108527137 0.032816537467700295 0.41886304909560745 0.027648578811369534 0.028552971576227413 0.017958656330749372 0.02622739018087858 0.014857881136950921 0.16098191214470284 0.02338501291989666 0.04677002583979332 0.022997416020671856
0.05744680851063829 0.024113475177304937 0.03947990543735224 0.03664302600472814 0.026713947990543736 0.026713947990543732 0.031205673758865262 0.11607565011820338 0.03569739952718673 0.030969267139479905 0.0444444444444444 0.03238770685579199 0.42955082742316814 0.03262411347517732 0.03593380614657211
0.04398782343987827 0.023287671232876735 0.15403348554033486 0.02435312024353124 0.06225266362252664 0.2378995433789955 0.11385083713850833 0.019939117199391194 0.04200913242009134 0.02480974124809743 0.017656012176560158 0.14703196347031966 0.04094368340943685 0.028158295281582965 0.019786910197869125
0.09800569800569789 0.03418803418803414 0.046153846153846115 0.055555555555555476 0.16182336182336157 0.03076923076923072 0.03789173789173784 0.06011396011396006 0.08860398860398849 0.11196581196581185 0.08290598290598278 0.03475783475783471 0.04301994301994296 0.04301994301994297 0.07122507122507116
0.01975308641975309 0.016498316498316488 0.10841750841750838 0.029966329966329943 0.03153759820426486 0.464309764309764 0.023905723905723895 0.022334455667789004 0.05836139169472499 0.015375982042648707 0.013916947250280576 0.10067340067340068 0.027272727272727282 0.034343434343434336 0.033333333333333326
0.030409356725146185 0.0283625730994152 0.029239766081871343 0.03274853801169587 0.035672514619883036 0.028654970760233902 0.102046783625731 0.06871345029239757 0.028362573099415197 0.04005847953216374 0.026315789473684213 0.05760233918128651 0.4184210526315786 0.03625730994152048 0.03713450292397659
0.023076923076923054 0.0788034188034187 0.05623931623931621 0.24888888888888874 0.02068376068376066 0.021880341880341853 0.11555555555555552 0.04564102564102561 0.1523076923076921 0.02427350427350423 0.022393162393162372 0.039487179487179454 0.02444444444444441 0.09572649572649566 0.030598290598290577
0.09266247379454937 0.1117400419287213 0.027672955974842782 0.05178197064989523 0.043396226415094406 0.026624737945492697 0.06289308176100636 0.06666666666666678 0.06918238993710697 0.04800838574423486 0.05723270440251575 0.06540880503144661 0.0404612159329141 0.036687631027253725 0.1995807127882599
0.04201388888888889 0.034722222222222224 0.036458333333333336 0.3246527777777778 0.03333333333333333 0.033680555555555554 0.034722222222222224 0.06076388888888889 0.06701388888888889 0.04618055555555556 0.11493055555555555 0.03819444444444445 0.049652777777777775 0.040625 0.043055555555555555
0.07200000000000005 0.046222222222222255 0.0506666666666667 0.060000000000000046 0.0968888888888889 0.05200000000000004 0.07333333333333338 0.08000000000000006 0.04355555555555558 0.04977777777777781 0.04266666666666669 0.044888888888888916 0.14888888888888888 0.07688888888888894 0.06222222222222227
0.05956284153005464 0.026593806921675775 0.020582877959927158 0.061020036429872464 0.08797814207650272 0.02896174863387976 0.04899817850637519 0.0302367941712204 0.04681238615664844 0.31566484517304183 0.02185792349726778 0.025500910746812395 0.040983606557377025 0.03387978142076502 0.15136612021857923
0.023563218390804583 0.0275862068965517 0.02586206896551722 0.03486590038314174 0.03831417624521071 0.5444444444444444 0.028735632183908042 0.030459770114942507 0.03180076628352488 0.02739463601532566 0.037739463601532554 0.039272030651340974 0.020306513409961653 0.05421455938697319 0.03544061302681991
0.07258064516129038 0.04749103942652328 0.02831541218637991 0.04641577060931898 0.053763440860215055 0.020071684587813606 0.04767025089605734 0.056630824372759875 0.04175627240143366 0.26451612903225813 0.03333333333333331 0.04605734767025088 0.027777777777777762 0.1017921146953406 0.11182795698924737
0.06571428571428563 0.0393650793650793 0.03809523809523803 0.06317460317460309 0.16476190476190455 0.03460317460317455 0.08349206349206337 0.05587301587301579 0.04412698412698407 0.085079365079365 0.08126984126984114 0.05587301587301581 0.0739682539682539 0.044761904761904704 0.06984126984126976
0.05448028673835126 0.02652329749103941 0.03136200716845876 0.06684587813620077 0.022043010752688157 0.042293906810035815 0.13691756272401434 0.27275985663082436 0.035304659498207866 0.03351254480286736 0.021684587813620055 0.06379928315412188 0.03333333333333331 0.08996415770609321 0.0691756272401434
0.06216216216216219 0.1030030030030029 0.04024024024024027 0.04264264264264269 0.08138138138138135 0.02882882882882882 0.035735735735735755 0.05915915915915921 0.03153153153153155 0.29609609609609605 0.03303303303303306 0.054054054054054085 0.04114114114114117 0.049549549549549585 0.04144144144144148
0.0430555555555555 0.12870370370370368 0.055555555555555566 0.05185185185185184 0.08842592592592595 0.045370370370370325 0.04398148148148141 0.04722222222222219 0.043055555555555514 0.07314814814814817 0.04259259259259254 0.08935185185185182 0.16018518518518515 0.0430555555555555 0.04444444444444439
0.027777777777777797 0.030222222222222244 0.03466666666666669 0.04111111111111114 0.028444444444444463 0.42844444444444457 0.03888888888888891 0.037333333333333364 0.025555555555555574 0.034444444444444465 0.03755555555555558 0.0942222222222222 0.03800000000000003 0.07066666666666661 0.032666666666666684
0.04416666666666664 0.08750000000000004 0.029444444444444398 0.0405555555555555 0.25777777777777783 0.027222222222222175 0.03694444444444441 0.034999999999999955 0.028333333333333287 0.10138888888888889 0.0269444444444444 0.0775 0.038611111111111054 0.049444444444444395 0.11916666666666666
0.023555555555555573 0.07688888888888883 0.19399999999999992 0.03311111111111113 0.024000000000000018 0.22577777777777763 0.03222222222222225 0.025555555555555574 0.034444444444444465 0.02444444444444446 0.16999999999999998 0.05288888888888889 0.02333333333333335 0.03488888888888891 0.024888888888888905
0.04292929292929295 0.02878787878787882 0.16868686868686864 0.15075757575757565 0.028787878787878807 0.20580808080808083 0.02904040404040406 0.047222222222222235 0.03106060606060609 0.03181818181818184 0.05858585858585863 0.04898989898989903 0.040909090909090944 0.03535353535353541 0.05126262626262629
0.03546423135464234 0.019786910197869143 0.019178082191780854 0.08508371385083713 0.41430745814307474 0.02694063926940643 0.024048706240487095 0.02328767123287673 0.022678843226788453 0.0654490106544901 0.023135464231354676 0.022831050228310525 0.07579908675799085 0.07001522070015215 0.0719939117199391
0.026086956521739167 0.17753623188405807 0.17077294685990346 0.028985507246376857 0.024154589371980725 0.2809178743961354 0.03236714975845416 0.053140096618357495 0.02512077294685994 0.022946859903381675 0.02536231884057976 0.033333333333333375 0.02536231884057976 0.042995169082125646 0.03091787439613532
0.06845878136200712 0.04014336917562721 0.06594982078853043 0.058064516129032226 0.054480286738351216 0.07706093189964151 0.08172043010752683 0.06093189964157702 0.035842293906810006 0.06415770609318992 0.1064516129032258 0.04480286738351252 0.07634408602150533 0.09784946236559136 0.06774193548387093
0.047488584474885846 0.06316590563165908 0.03576864535768649 0.06773211567732115 0.020243531202435338 0.04003044140030445 0.0689497716894977 0.14824961948249618 0.2033485540334856 0.026027397260274 0.019178082191780858 0.030593607305936098 0.04003044140030442 0.027853881278538842 0.16133942161339418
0.047474747474747475 0.04696969696969696 0.17929292929292923 0.04595959595959594 0.05050505050505052 0.05252525252525254 0.1303030303030304 0.045454545454545435 0.04696969696969696 0.04696969696969696 0.07070707070707073 0.04595959595959594 0.04797979797979798 0.08989898989898995 0.053030303030303046
0.038271604938271545 0.0342592592592592 0.3126543209876544 0.06358024691358016 0.030864197530864144 0.04506172839506168 0.05895061728395055 0.04351851851851846 0.07716049382716042 0.03209876543209871 0.03827160493827153 0.04228395061728389 0.044135802469135746 0.09907407407407405 0.03981481481481477
0.0725925925925926 0.05303703703703708 0.03392592592592594 0.028296296296296288 0.08000000000000002 0.014962962962962968 0.046962962962963 0.017777777777777767 0.036888888888888895 0.3971851851851851 0.017925925925925932 0.016888888888888898 0.04488888888888891 0.01985185185185186 0.11881481481481483
0.11596548004315002 0.015426105717367848 0.03689320388349514 0.025026968716289098 0.02179072276159654 0.01887810140237324 0.020064724919093845 0.3549083063646172 0.05501618122977349 0.021251348435814447 0.0279395900755124 0.14563106796116512 0.06860841423948225 0.04120819848975187 0.03139158576051779
0.04121863799283151 0.04157706093189961 0.08709677419354833 0.11469534050179211 0.037992831541218616 0.03655913978494621 0.03691756272401431 0.16989247311827965 0.03691756272401431 0.048028673835125414 0.06702508960573472 0.05806451612903222 0.1229390681003585 0.04731182795698922 0.05376344086021501
0.028333333333333287 0.03611111111111106 0.03722222222222218 0.03555555555555552 0.03277777777777773 0.46999999999999986 0.0430555555555555 0.038333333333333296 0.031388888888888855 0.034722222222222175 0.032777777777777725 0.03805555555555551 0.03194444444444441 0.036388888888888846 0.0733333333333333
0.06414141414141422 0.05050505050505053 0.05151515151515154 0.05808080808080812 0.04696969696969696 0.05656565656565661 0.11616161616161624 0.06313131313131319 0.04797979797979797 0.05000000000000001 0.04646464646464645 0.06616161616161624 0.1772727272727272 0.05101010101010104 0.05404040404040408
0.08434343434343443 0.048989898989899 0.048989898989899 0.053535353535353575 0.05252525252525256 0.04696969696969696 0.07676767676767682 0.05757575757575762 0.0762626262626263 0.05707070707070711 0.05151515151515153 0.055555555555555594 0.16313131313131318 0.0585858585858586 0.06818181818181822
0.05936507936507928 0.04571428571428566 0.08380952380952372 0.04444444444444438 0.052063492063492 0.1803174603174601 0.044761904761904704 0.06476190476190467 0.04095238095238089 0.06571428571428561 0.03999999999999994 0.10444444444444431 0.0685714285714285 0.06412698412698405 0.04095238095238089
0.05502645502645496 0.058730158730158646 0.09259259259259252 0.05555555555555548 0.06296296296296287 0.09470899470899467 0.07619047619047611 0.05767195767195758 0.059259259259259164 0.06984126984126979 0.06243386243386235 0.05502645502645495 0.056084656084655994 0.0703703703703703 0.07354497354497347
0.05935672514619879 0.03654970760233917 0.12017543859649121 0.04064327485380116 0.03684210526315787 0.041228070175438586 0.09327485380116955 0.1801169590643274 0.12280701754385964 0.036842105263157884 0.03684210526315789 0.041520467836257305 0.03245614035087718 0.03596491228070175 0.08538011695906432
0.07969821673525379 0.018930041152263405 0.01618655692729769 0.01824417009602198 0.5193415637860083 0.039917695473251094 0.05240054869684502 0.017283950617283973 0.01577503429355284 0.07462277091906727 0.01454046639231827 0.02277091906721537 0.020027434842249673 0.03456790123456792 0.05569272976680388
0.01010482180293501 0.00930817610062893 0.13073375262054515 0.06293501048218036 0.006163522012578616 0.3867924528301886 0.01480083857442348 0.04675052410901474 0.08997903563941304 0.008176100628930818 0.014884696016771488 0.14008385744234808 0.03341719077568138 0.024109014675052422 0.021761006289308174
0.1581699346405229 0.022549019607843106 0.12581699346405228 0.059803921568627405 0.020751633986928066 0.0348039215686274 0.0578431372549019 0.1047385620915032 0.0826797385620914 0.024019607843137218 0.07630718954248357 0.10751633986928102 0.03480392156862741 0.04852941176470582 0.04166666666666661
0.07371273712737134 0.027642276422764248 0.030894308943089453 0.05365853658536588 0.15257452574525737 0.07452574525745262 0.06937669376693772 0.07208672086720871 0.0582655826558266 0.08563685636856375 0.027913279132791347 0.04959349593495938 0.036043360433604364 0.067479674796748 0.12059620596205958
0.0675555555555556 0.04311111111111114 0.048000000000000036 0.09600000000000003 0.05333333333333337 0.048000000000000036 0.08177777777777782 0.09288888888888892 0.08933333333333339 0.04755555555555559 0.0764444444444445 0.04755555555555559 0.08933333333333339 0.0506666666666667 0.0684444444444445
0.023063973063973047 0.07154882154882158 0.03585858585858584 0.047138047138047125 0.047643097643097626 0.31565656565656564 0.0542087542087542 0.04848484848484847 0.048653198653198636 0.03114478114478112 0.040740740740740716 0.11616161616161629 0.03097643097643096 0.05622895622895624 0.032491582491582474
0.10555555555555543 0.030158730158730114 0.03888888888888884 0.053968253968253915 0.04285714285714284 0.039947089947089905 0.08465608465608455 0.04497354497354493 0.02883597883597879 0.21931216931216918 0.055291005291005245 0.03386243386243382 0.051058201058201004 0.06005291005291 0.11058201058201046
0.23685636856368555 0.035772357723577265 0.03414634146341466 0.034959349593495954 0.028455284552845548 0.026558265582655845 0.03604336043360436 0.039837398373983764 0.026558265582655845 0.03902439024390247 0.026016260162601643 0.03604336043360436 0.03170731707317075 0.09837398373983744 0.2696476964769647
0.04755555555555559 0.044888888888888916 0.04888888888888892 0.05377777777777781 0.04755555555555559 0.04311111111111114 0.1608888888888888 0.061333333333333365 0.07911111111111116 0.04977777777777781 0.05555555555555559 0.0506666666666667 0.12088888888888882 0.06222222222222227 0.07377777777777782
0.06771488469601684 0.02578616352201259 0.03207547169811324 0.18553459119496848 0.07945492662473802 0.02788259958071282 0.04779874213836482 0.24129979035639415 0.06247379454926627 0.04046121593291411 0.023899371069182405 0.029559748427672977 0.04109014675052416 0.03018867924528306 0.0647798742138365
0.057347670250896016 0.04121863799283151 0.04086021505376341 0.07562724014336913 0.048028673835125414 0.04695340501792111 0.06559139784946232 0.2465949820788531 0.03835125448028671 0.03978494623655911 0.04014336917562721 0.06200716845878132 0.06200716845878133 0.06523297491039422 0.07025089605734762
0.10726072607260727 0.1169416941694169 0.022662266226622676 0.05555555555555559 0.03399339933993402 0.019911991199119926 0.02475247524752477 0.0512651265126513 0.02596259625962598 0.2801980198019802 0.014851485148514863 0.09493949394939498 0.018371837183718383 0.022332233223322347 0.11100110011001095
0.10840840840840839 0.11441441441441434 0.03183183183183186 0.056156156156156226 0.03333333333333335 0.0534534534534535 0.07177177177177177 0.14204204204204202 0.031831831831831865 0.05375375375375378 0.029729729729729745 0.08348348348348347 0.06336336336336339 0.044144144144144165 0.08228228228228227
0.060138888888888895 0.05 0.02041666666666665 0.04888888888888887 0.02333333333333333 0.02069444444444442 0.02583333333333332 0.04000000000000001 0.02555555555555555 0.48847222222222214 0.04319444444444444 0.03416666666666667 0.06694444444444443 0.02138888888888887 0.030972222222222203
0.2880952380952381 0.06448412698412702 0.02103174603174603 0.07361111111111111 0.020634920634920617 0.042063492063492025 0.02519841269841269 0.21726190476190474 0.0234126984126984 0.02718253968253967 0.0343253968253968 0.059920634920634916 0.029365079365079358 0.029166666666666646 0.044246031746031714
0.0973333333333334 0.04755555555555559 0.07288888888888893 0.12266666666666662 0.04311111111111114 0.047111111111111145 0.10266666666666667 0.05244444444444448 0.06177777777777781 0.04266666666666669 0.044888888888888916 0.04755555555555559 0.058222222222222265 0.0644444444444445 0.0946666666666667
0.016519174041297952 0.04051130776794494 0.1294001966568338 0.07787610619469028 0.014257620452310733 0.3705014749262538 0.03657817109144541 0.03716814159292032 0.030285152409046227 0.013962635201573266 0.052605703048180914 0.103834808259587 0.01356932153392332 0.038151425762045194 0.024778761061946902
0.01915204678362572 0.024999999999999974 0.0817251461988304 0.02792397660818713 0.016812865497076005 0.46578947368421025 0.03728070175438595 0.032456140350877155 0.09225146198830407 0.02119883040935672 0.017397660818713426 0.07690058479532164 0.024853801169590628 0.03362573099415202 0.027631578947368406
0.029292929292929256 0.016161616161616134 0.5435786435786437 0.04184704184704181 0.017027417027417002 0.05541125541125538 0.03391053391053389 0.05685425685425684 0.019480519480519452 0.016450216450216423 0.016883116883116858 0.05252525252525249 0.019624819624819594 0.05180375180375174 0.029148629148629108
0.02537537537537539 0.07327327327327327 0.16186186186186194 0.07732732732732733 0.03183183183183183 0.21831831831831836 0.02852852852852856 0.05150150150150151 0.09159159159159158 0.027777777777777797 0.03438438438438439 0.040990990990991016 0.0753753753753754 0.04204204204204204 0.01981981981981984
0.03459595959595961 0.027020202020202038 0.030555555555555572 0.030555555555555565 0.09772727272727276 0.3595959595959596 0.036363636363636424 0.03131313131313134 0.03080808080808085 0.029292929292929322 0.026767676767676774 0.04823232323232327 0.036616161616161665 0.1555555555555555 0.02500000000000001
0.046560846560846525 0.08174603174603165 0.05449735449735446 0.035714285714285664 0.033597883597883564 0.03968253968253966 0.05026455026455023 0.09867724867724859 0.025925925925925894 0.02962962962962959 0.027777777777777735 0.035449735449735405 0.3587301587301586 0.04206349206349203 0.03968253968253965
0.01802469135802469 0.0809053497942387 0.3195884773662552 0.01744855967078188 0.014732510288065844 0.2713580246913581 0.05308641975308639 0.018271604938271593 0.028724279835390935 0.018353909465020572 0.027160493827160487 0.04773662551440329 0.046090534979423864 0.01909465020576132 0.01942386831275718
0.0415637860082305 0.041975308641975344 0.3074074074074074 0.0547325102880659 0.041975308641975344 0.04567901234567904 0.041563786008230505 0.043209876543209916 0.06543209876543214 0.04567901234567907 0.08148148148148157 0.04897119341563789 0.04362139917695476 0.053497942386831324 0.04320987654320992
0.04634146341463417 0.03523035230352306 0.03414634146341466 0.12140921409214084 0.044444444444444474 0.043902439024390276 0.16097560975609748 0.1021680216802168 0.08238482384823853 0.04037940379403797 0.07398373983739842 0.04471544715447157 0.07886178861788623 0.04037940379403797 0.050677506775067785
0.04486373165618454 0.10628930817610069 0.03605870020964365 0.04129979035639418 0.24968553459119502 0.02473794549266249 0.03626834381551368 0.03794549266247387 0.030398322851153074 0.13941299790356398 0.028930817610062932 0.05471698113207555 0.04465408805031452 0.03794549266247385 0.08679245283018878
0.07666666666666665 0.08066666666666661 0.0417777777777778 0.03955555555555559 0.20577777777777773 0.034666666666666686 0.02800000000000002 0.05022222222222219 0.02866666666666668 0.2002222222222222 0.052000000000000005 0.05488888888888889 0.027111111111111124 0.046222222222222234 0.03355555555555558
0.11568627450980379 0.024836601307189527 0.024183006535947685 0.030718954248365977 0.3239651416122 0.04771241830065354 0.05599128540305006 0.033986928104575126 0.023093681917211305 0.10915032679738548 0.02156862745098037 0.03333333333333329 0.037037037037037 0.0612200435729847 0.05751633986928099
0.13599999999999995 0.0466666666666667 0.04888888888888892 0.059111111111111156 0.04133333333333336 0.047111111111111145 0.12222222222222218 0.1106666666666666 0.046222222222222255 0.04844444444444448 0.044444444444444474 0.05822222222222225 0.07733333333333338 0.05066666666666669 0.0626666666666667
0.1273504273504272 0.048717948717948684 0.05341880341880337 0.06324786324786318 0.04529914529914526 0.04999999999999997 0.14102564102564086 0.0602564102564102 0.04358974358974356 0.06581196581196573 0.046153846153846136 0.052136752136752076 0.05726495726495721 0.07863247863247862 0.06709401709401704
0.3641414141414143 0.02803030303030304 0.03661616161616165 0.03914141414141417 0.0866161616161616 0.033838383838383876 0.04166666666666671 0.04949494949494953 0.027777777777777794 0.06363636363636364 0.027777777777777797 0.05252525252525256 0.04797979797979799 0.043686868686868725 0.05707070707070709
0.06158730158730149 0.040317460317460266 0.03460317460317454 0.05365079365079357 0.19174603174603153 0.04095238095238088 0.04507936507936501 0.03682539682539676 0.039047619047619 0.1711111111111109 0.03492063492063486 0.04349206349206343 0.04190476190476185 0.05841269841269835 0.10634920634920625
0.026666666666666637 0.0783068783068782 0.01259259259259258 0.02740740740740738 0.04423280423280418 0.013862433862433852 0.038624338624338575 0.02560846560846558 0.012592592592592582 0.02052910052910051 0.01206349206349205 0.0184126984126984 0.6004232804232807 0.05037037037037035 0.018306878306878292
0.09595959595959598 0.052020202020202036 0.056060606060606075 0.06565656565656573 0.09040404040404044 0.053030303030303066 0.07171717171717182 0.05353535353535357 0.04949494949494951 0.10505050505050517 0.05252525252525254 0.05353535353535357 0.0712121212121213 0.0601010101010101 0.06969696969696976
0.11463146314631463 0.04840484048404844 0.033663366336633686 0.06985698569856989 0.023432343234323447 0.016061606160616075 0.05984598459845989 0.3354235423542353 0.05038503850385042 0.017931793179317944 0.01320132013201321 0.05423542354235427 0.09020902090209026 0.03905390539053908 0.033663366336633686
0.19153439153439136 0.043738977072310344 0.026455026455026415 0.22451499118165763 0.022574955908289222 0.028042328042328 0.03544973544973541 0.08165784832451496 0.022751322751322713 0.0590828924162257 0.033156966490299776 0.02574955908289239 0.07901234567901226 0.07477954144620802 0.051499118165784785
0.03835125448028671 0.03978494623655911 0.03978494623655911 0.03870967741935481 0.03763440860215051 0.03799283154121861 0.056272401433691714 0.04301075268817201 0.11075268817204303 0.03978494623655911 0.18924731182795715 0.1340501792114696 0.08494623655913972 0.05125448028673832 0.05842293906810032
0.16360153256704985 0.03984674329501911 0.04789272030651338 0.0498084291187739 0.049808429118773916 0.04022988505747122 0.05249042145593863 0.09195402298850582 0.03716475095785436 0.07969348659003832 0.03524904214559382 0.07471264367816087 0.049042145593869685 0.07662835249042146 0.11187739463601536
0.056837606837606795 0.0538461538461538 0.05811965811965808 0.11239316239316224 0.0444444444444444 0.04230769230769228 0.05598290598290593 0.07008547008547002 0.044017094017093986 0.058974358974358904 0.08803418803418793 0.0572649572649572 0.14957264957264935 0.061965811965811905 0.04615384615384613
0.07291666666666667 0.06319444444444444 0.0625 0.06319444444444444 0.06527777777777778 0.0625 0.06319444444444444 0.06597222222222222 0.06319444444444444 0.07083333333333333 0.06319444444444444 0.08055555555555556 0.07569444444444444 0.06458333333333334 0.06319444444444444
0.027091136079900133 0.013732833957553082 0.014731585518102391 0.021098626716604268 0.5548064918851436 0.013358302122347081 0.053932584269662916 0.019350811485642962 0.054806491885143596 0.05081148564294631 0.02159800249687893 0.018352059925093655 0.051061173533083676 0.06217228464419477 0.023096129837702886
0.049444444444444416 0.029444444444444405 0.035277777777777734 0.04944444444444446 0.035277777777777734 0.03138888888888884 0.03194444444444439 0.10666666666666669 0.053611111111111054 0.05999999999999998 0.05277777777777771 0.10638888888888882 0.052777777777777785 0.24000000000000002 0.06555555555555558
0.023215898825654918 0.06567299006323396 0.14019873532068652 0.06693766937669379 0.012917795844625117 0.34977416440831094 0.020867208672086718 0.03315266485998195 0.03757904245709127 0.015176151761517624 0.010840108401084025 0.0690153568202349 0.01887985546522132 0.11806684733514004 0.017705510388437214
0.029320987654320934 0.03395061728395055 0.04259259259259252 0.03518518518518513 0.03364197530864192 0.4586419753086414 0.03240740740740735 0.03209876543209871 0.04320987654320981 0.030555555555555503 0.08055555555555545 0.03765432098765427 0.03395061728395055 0.04228395061728389 0.033950617283950546
0.23862433862433857 0.08862433862433852 0.030952380952380912 0.08465608465608454 0.04497354497354493 0.02883597883597879 0.07857142857142847 0.07830687830687826 0.03968253968253965 0.037301587301587266 0.045238095238095195 0.05740740740740737 0.04629629629629628 0.05767195767195764 0.042857142857142816
0.04977777777777781 0.05022222222222226 0.04755555555555559 0.05422222222222226 0.05644444444444448 0.04400000000000003 0.08577777777777783 0.04844444444444448 0.044888888888888916 0.24088888888888868 0.044888888888888916 0.04888888888888892 0.05377777777777781 0.05511111111111114 0.07511111111111117
0.12057613168724285 0.023662551440329235 0.02983539094650208 0.043004115226337486 0.2806584362139917 0.024485596707818955 0.04012345679012347 0.02695473251028809 0.02283950617283953 0.06769547325102881 0.021399176954732535 0.05514403292181068 0.09197530864197534 0.037860082304526754 0.1137860082304527
0.034490740740740766 0.028472222222222242 0.054398148148148154 0.04444444444444447 0.03425925925925928 0.4196759259259258 0.04050925925925928 0.06643518518518518 0.025462962962962948 0.050925925925925944 0.026851851851851842 0.05509259259259257 0.05000000000000001 0.03425925925925927 0.034722222222222245
0.024673202614379053 0.021078431372548986 0.1222222222222222 0.030228758169934603 0.017810457516339837 0.3988562091503268 0.03447712418300649 0.03431372549019603 0.11552287581699346 0.020098039215686234 0.02189542483660127 0.055718954248365954 0.030392156862745053 0.022058823529411728 0.050653594771241775
0.018472222222222206 0.06374999999999996 0.1306944444444444 0.12124999999999996 0.020416666666666645 0.21 0.04083333333333334 0.0801388888888889 0.0733333333333333 0.017916666666666643 0.037499999999999985 0.04777777777777779 0.02152777777777775 0.09055555555555554 0.02583333333333332
0.027648578811369545 0.032041343669250676 0.037984496124031056 0.0643410852713179 0.032299741602067215 0.23746770025839803 0.06356589147286829 0.09638242894056857 0.08449612403100783 0.03436692506459951 0.03385012919896645 0.08294573643410862 0.035917312661498745 0.10671834625323008 0.029974160206718378
0.03625730994152044 0.039766081871345 0.04502923976608183 0.11315789473684208 0.0307017543859649 0.03508771929824558 0.04619883040935672 0.11286549707602338 0.03421052631578945 0.035672514619883036 0.1152046783625731 0.05204678362573097 0.2236842105263158 0.03918128654970756 0.040935672514619895
0.05601851851851853 0.05138888888888888 0.06574074074074075 0.05370370370370371 0.12685185185185185 0.04351851851851846 0.062962962962963 0.057407407407407414 0.04722222222222218 0.054166666666666655 0.045370370370370325 0.049537037037037025 0.06527777777777782 0.17083333333333325 0.05
0.15670498084291187 0.02279693486590036 0.02203065134099615 0.03735632183908044 0.34693486590038314 0.022413793103448255 0.035440613026819896 0.03582375478927201 0.0218390804597701 0.06226053639846746 0.01992337164750956 0.0496168582375479 0.050383141762452094 0.046934865900383156 0.06954022988505747
0.07777777777777775 0.04061302681992332 0.04674329501915705 0.07471264367816093 0.04022988505747122 0.042145593869731726 0.07279693486590037 0.05249042145593865 0.060153256704980805 0.052490421455938664 0.11570881226053646 0.05862068965517236 0.153256704980843 0.06015325670498081 0.052107279693486525
0.023569023569023552 0.02070707070707069 0.08333333333333338 0.03030303030303028 0.030976430976430953 0.39057239057239046 0.04848484848484845 0.06010101010101016 0.03821548821548819 0.025252525252525235 0.02205387205387204 0.1350168350168351 0.0286195286195286 0.03585858585858584 0.026936026936026917
0.021693121693121667 0.08708994708994695 0.12285714285714273 0.053333333333333295 0.012592592592592584 0.36063492063492014 0.02476190476190473 0.028465608465608448 0.052380952380952354 0.021587301587301568 0.04761904761904757 0.10825396825396817 0.016402116402116383 0.024973544973544943 0.017354497354497338
0.07362962962962966 0.022074074074074086 0.10474074074074075 0.06177777777777779 0.027851851851851864 0.38488888888888906 0.0460740740740741 0.030074074074074073 0.03970370370370372 0.023259259259259257 0.01570370370370371 0.027111111111111107 0.029629629629629627 0.06903703703703705 0.044444444444444474
0.07979797979797984 0.04949494949494949 0.04797979797979798 0.056060606060606095 0.09646464646464652 0.05000000000000002 0.09949494949494953 0.04848484848484849 0.055050505050505086 0.08282828282828283 0.05101010101010104 0.05707070707070711 0.05505050505050511 0.09141414141414153 0.07979797979797984
0.044888888888888916 0.045333333333333364 0.046222222222222255 0.10844444444444439 0.048000000000000036 0.054666666666666704 0.07288888888888895 0.132 0.08888888888888895 0.05244444444444448 0.04311111111111114 0.05200000000000004 0.05600000000000004 0.09911111111111114 0.05600000000000004
0.0375 0.03090277777777778 0.04392361111111111 0.04201388888888889 0.034375 0.43940972222222224 0.03611111111111111 0.03576388888888889 0.050520833333333334 0.024826388888888887 0.026041666666666668 0.10399305555555556 0.02309027777777778 0.027604166666666666 0.04392361111111111
0.016249999999999976 0.017499999999999974 0.049166666666666664 0.054166666666666655 0.015277777777777755 0.5119444444444444 0.04347222222222224 0.060138888888888895 0.0645833333333333 0.017222222222222194 0.03916666666666667 0.049861111111111106 0.01680555555555554 0.028194444444444425 0.016249999999999983
0.10272536687631036 0.02788259958071281 0.03815513626834386 0.04968553459119505 0.1301886792452831 0.036897274633123735 0.03647798742138368 0.043396226415094406 0.03857442348008392 0.2825995807127882 0.029350104821802968 0.02557651991614257 0.09245283018867928 0.031236897274633173 0.034800838574423516
0.06896296296296298 0.013925925925925934 0.017851851851851855 0.02385185185185186 0.249925925925926 0.0291851851851852 0.06362962962962963 0.020666666666666667 0.024592592592592593 0.12740740740740744 0.011481481481481483 0.061185185185185224 0.011333333333333341 0.013851851851851857 0.26214814814814813
0.37404817404817425 0.025330225330225338 0.011577311577311568 0.013519813519813531 0.36083916083916073 0.010489510489510483 0.01787101787101788 0.01701631701631702 0.046386946386946376 0.021367521367521382 0.00916860916860916 0.009945609945609939 0.01903651903651905 0.017637917637917642 0.04576534576534577
0.044097222222222225 0.03854166666666667 0.36319444444444443 0.05347222222222222 0.033680555555555554 0.046875 0.04791666666666667 0.050347222222222224 0.03923611111111111 0.03715277777777778 0.03888888888888889 0.06840277777777778 0.05138888888888889 0.049652777777777775 0.03715277777777778
0.03432098765432095 0.02864197530864195 0.04271604938271604 0.053827160493827096 0.3279012345679008 0.028148148148148113 0.03259259259259255 0.03975308641975306 0.033086419753086384 0.13283950617283938 0.0367901234567901 0.04320987654320984 0.03259259259259256 0.07604938271604932 0.05753086419753082
0.10370370370370359 0.0407407407407407 0.03148148148148145 0.09365079365079357 0.042857142857142816 0.04629629629629627 0.03544973544973542 0.3378306878306878 0.03121693121693117 0.03915343915343911 0.0309523809523809 0.03492063492063487 0.0468253968253968 0.03677248677248675 0.04814814814814811
0.15213675213675196 0.03447293447293443 0.04928774928774923 0.06239316239316232 0.032763532763532714 0.03048433048433044 0.05099715099715094 0.17549857549857528 0.031339031339031286 0.032763532763532714 0.06809116809116801 0.06210826210826206 0.03532763532763527 0.12364672364672351 0.058689458689458636
0.06969696969696973 0.026262626262626272 0.028535353535353546 0.03459595959595963 0.038636363636363684 0.035858585858585895 0.0858585858585859 0.09318181818181819 0.04494949494949498 0.04545454545454549 0.08333333333333336 0.03762626262626267 0.24469696969696966 0.07550505050505056 0.055808080808080834
0.07066666666666671 0.0506666666666667 0.04844444444444448 0.07466666666666671 0.05155555555555559 0.044888888888888916 0.06044444444444448 0.07288888888888893 0.05111111111111115 0.061333333333333365 0.0546666666666667 0.06088888888888893 0.05777777777777782 0.053777777777777806 0.18622222222222215
0.07777777777777785 0.0497584541062803 0.05024154589371989 0.06714975845410638 0.058937198067632965 0.04637681159420299 0.0990338164251209 0.06280193236714984 0.04927536231884065 0.06521739130434792 0.04879227053140105 0.05507246376811602 0.06086956521739139 0.142512077294686 0.06618357487922717
0.03543543543543546 0.03363363363363367 0.03903903903903906 0.034534534534534575 0.06306306306306311 0.03693693693693696 0.046546546546546566 0.045645645645645695 0.031231231231231248 0.3249249249249248 0.02912912912912914 0.031231231231231244 0.04654654654654659 0.03963963963963966 0.16246246246246235
0.15090702947845805 0.016893424036281163 0.023356009070294777 0.03265306122448978 0.025056689342403616 0.01689342403628117 0.02290249433106574 0.01984126984126982 0.01519274376417232 0.024603174603174578 0.040702947845805 0.021768707482993185 0.01950113378684806 0.03446712018140588 0.5352607709750568
0.047126436781609216 0.025862068965517217 0.03927203065134099 0.07241379310344832 0.0645593869731801 0.026053639846743273 0.04157088122605362 0.33754789272030644 0.02567049808429117 0.05019157088122604 0.022222222222222206 0.039272030651341015 0.05574712643678163 0.10593869731800773 0.04655172413793104
0.02499999999999998 0.030952380952380926 0.03948412698412696 0.03432539682539681 0.027777777777777762 0.40416666666666684 0.035317460317460296 0.034920634920634894 0.11964285714285708 0.03531746031746028 0.052579365079365066 0.05119047619047617 0.029563492063492052 0.04404761904761902 0.035714285714285685
0.02153729071537292 0.04771689497716895 0.12831050228310498 0.12754946727549463 0.02526636225266363 0.20555555555555555 0.023592085235920848 0.057914764079147626 0.04421613394216133 0.017808219178082205 0.02336377473363776 0.06019786910197868 0.028843226788432267 0.15258751902587517 0.03554033485540336
0.050724637681159486 0.04975845410628028 0.05072463768115951 0.05893719806763292 0.04830917874396145 0.04444444444444452 0.05942028985507255 0.10917874396135271 0.045410628019323745 0.19661835748792275 0.0434782608695653 0.04589371980676337 0.045410628019323745 0.0903381642512078 0.06135265700483103
0.0812865497076023 0.09619883040935666 0.03157894736842103 0.041812865497075996 0.08040935672514615 0.03128654970760233 0.059941520467836185 0.04005847953216374 0.03128654970760234 0.3017543859649122 0.02953216374269005 0.03742690058479531 0.04473684210526316 0.038596491228070184 0.05409356725146194
