0.042460317460317434 0.04484126984126984 0.08015873015873012 0.04007936507936504 0.06468253968253962 0.18134920634920637 0.0456349206349206 0.03968253968253966 0.043253968253968225 0.04365079365079364 0.04484126984126982 0.04404761904761903 0.046031746031746014 0.047619047619047596 0.19166666666666668
0.03754789272030647 0.05172413793103443 0.12835249042145594 0.03601532567049805 0.05287356321839075 0.11302681992337173 0.10076628352490431 0.038697318007662795 0.054022988505747084 0.048659003831417594 0.11685823754789276 0.05134099616858234 0.0651340996168582 0.0659003831417624 0.03908045977011491
0.017018284106891705 0.045428973277074555 0.05428973277074548 0.0475386779184248 0.09676511954992968 0.05597749648382565 0.10028129395218013 0.02165963431786217 0.03192686357243322 0.02841068917018287 0.14824191279887483 0.20576652601969056 0.05161744022503519 0.02151898734177216 0.07355836849507735
0.08063492063492055 0.12571428571428558 0.091111111111111 0.061587301587301524 0.05904761904761899 0.12111111111111096 0.02587301587301584 0.02412698412698409 0.018095238095238067 0.18365079365079343 0.02285714285714282 0.029206349206349166 0.019841269841269805 0.08269841269841263 0.05444444444444439
0.07635933806146568 0.0940898345153664 0.12056737588652484 0.14751773049645395 0.043498817966903074 0.04231678486997638 0.1028368794326241 0.02553191489361701 0.025531914893617013 0.038297872340425546 0.04751773049645388 0.08888888888888885 0.04349881796690307 0.04657210401891255 0.05697399527186759
0.02245370370370368 0.0523148148148148 0.10324074074074073 0.02546296296296296 0.04143518518518521 0.11203703703703706 0.04722222222222222 0.027083333333333334 0.08148148148148147 0.07731481481481484 0.1275462962962963 0.031481481481481485 0.2048611111111111 0.023842592592592585 0.0222222222222222
0.03629629629629628 0.05444444444444443 0.04888888888888887 0.04296296296296297 0.04703703703703703 0.07185185185185185 0.17518518518518494 0.036296296296296285 0.0692592592592592 0.038888888888888876 0.11333333333333323 0.056296296296296296 0.03814814814814815 0.04407407407407405 0.12703703703703692
0.02167577413479055 0.06557377049180324 0.03369763205828778 0.12222222222222222 0.1025500910746812 0.04499089253187611 0.20655737704918029 0.09125683060109292 0.021857923497267777 0.041712204007285945 0.051912568306010924 0.09544626593806918 0.034972677595628394 0.03278688524590161 0.032786885245901634
0.017171717171717157 0.08720538720538724 0.05841750841750844 0.025084175084175066 0.07104377104377108 0.05774410774410778 0.2186868686868687 0.01902356902356901 0.036531986531986506 0.02558922558922557 0.07188552188552191 0.02946127946127944 0.020370370370370355 0.11548821548821551 0.14629629629629626
0.023412698412698413 0.04265873015873012 0.02242063492063491 0.27698412698412694 0.12162698412698413 0.02499999999999999 0.03194444444444443 0.023412698412698402 0.02162698412698412 0.13551587301587306 0.04186507936507934 0.05575396825396825 0.12559523809523815 0.023809523809523808 0.028373015873015855
0.02864197530864194 0.05037037037037035 0.029876543209876507 0.06469135802469128 0.05234567901234565 0.11753086419753074 0.05456790123456789 0.03185185185185184 0.027160493827160456 0.06765432098765428 0.10765432098765422 0.05555555555555552 0.02938271604938268 0.2424691358024689 0.0402469135802469
0.04879227053140103 0.06328502415458943 0.07342995169082135 0.053140096618357585 0.07487922705314021 0.06280193236714987 0.10821256038647344 0.05797101449275369 0.05072463768115951 0.05942028985507257 0.06425120772946867 0.058937198067632944 0.05507246376811604 0.07246376811594216 0.09661835748792275
0.12347417840375578 0.03755868544600936 0.01830985915492956 0.3226917057902972 0.06071987480438185 0.023161189358372435 0.02190923317683879 0.01721439749608762 0.020344287949921734 0.029264475743348953 0.05133020344287949 0.03208137715179966 0.17464788732394362 0.027699530516431897 0.03959311424100153
0.045777777777777806 0.0928888888888889 0.07777777777777782 0.053777777777777806 0.054666666666666704 0.046222222222222255 0.07200000000000005 0.0417777777777778 0.04088888888888891 0.0506666666666667 0.07155555555555561 0.15066666666666653 0.09733333333333333 0.0466666666666667 0.05733333333333336
0.04355555555555558 0.05377777777777781 0.19466666666666654 0.04933333333333337 0.056888888888888926 0.08444444444444452 0.04933333333333337 0.06711111111111116 0.054666666666666704 0.05288888888888892 0.05511111111111115 0.0417777777777778 0.10977777777777775 0.04133333333333336 0.045333333333333364
0.04768518518518517 0.04629629629629624 0.11898148148148147 0.05277777777777775 0.1458333333333334 0.049074074074074076 0.04629629629629626 0.0902777777777778 0.049537037037037025 0.04537037037037034 0.054629629629629674 0.04722222222222219 0.07638888888888892 0.0800925925925926 0.049537037037037004
0.09277777777777775 0.038333333333333296 0.0469444444444444 0.047777777777777766 0.05305555555555555 0.04361111111111108 0.22444444444444436 0.027777777777777728 0.05305555555555556 0.032777777777777725 0.040833333333333305 0.07833333333333332 0.08472222222222218 0.06472222222222218 0.07083333333333333
0.03611111111111108 0.0464285714285714 0.06309523809523807 0.05317460317460315 0.05595238095238092 0.04523809523809522 0.1404761904761905 0.038095238095238064 0.03571428571428569 0.046825396825396784 0.06349206349206346 0.07579365079365073 0.10039682539682536 0.14880952380952372 0.05039682539682538
0.04284188034188029 0.08525641025641027 0.0461538461538461 0.08931623931623929 0.07158119658119656 0.04102564102564099 0.11143162393162395 0.018162393162393146 0.08899572649572648 0.029487179487179466 0.1204059829059829 0.06111111111111112 0.14358974358974363 0.022329059829059812 0.02831196581196578
0.0506666666666667 0.07022222222222227 0.05777777777777782 0.05244444444444448 0.05422222222222226 0.045333333333333364 0.05955555555555559 0.04888888888888892 0.09600000000000004 0.05688888888888892 0.051555555555555584 0.06755555555555559 0.046222222222222255 0.16088888888888875 0.08177777777777784
0.027423167848699758 0.14609929078014186 0.07044917257683213 0.02907801418439716 0.09834515366430259 0.03380614657210402 0.02907801418439716 0.024349881796690297 0.050354609929078 0.03971631205673758 0.10378250591016555 0.048699763593380616 0.1867612293144208 0.0853427895981087 0.026713947990543732
0.02543209876543206 0.22814814814814788 0.03555555555555552 0.03382716049382713 0.1261728395061727 0.03901234567901231 0.04987654320987652 0.024197530864197493 0.04172839506172835 0.06320987654320984 0.11432098765432086 0.047407407407407384 0.04839506172839502 0.0755555555555555 0.04716049382716048
0.03421052631578946 0.0921052631578947 0.046491228070175396 0.03742690058479529 0.0441520467836257 0.07660818713450283 0.052631578947368404 0.040935672514619874 0.11198830409356718 0.047660818713450265 0.1263157894736842 0.04853801169590642 0.03333333333333331 0.05380116959064323 0.15380116959064327
0.12074074074074062 0.052222222222222225 0.10222222222222217 0.055185185185185184 0.08185185185185184 0.039629629629629626 0.07407407407407403 0.04074074074074075 0.05444444444444443 0.052962962962962955 0.05740740740740738 0.056296296296296254 0.059629629629629616 0.039999999999999994 0.11259259259259247
0.028835978835978788 0.0489417989417989 0.06878306878306871 0.03333333333333329 0.0859788359788359 0.05873015873015868 0.06746031746031741 0.02883597883597879 0.08650793650793642 0.05873015873015867 0.05476190476190471 0.05952380952380947 0.1928571428571427 0.03306878306878303 0.09365079365079355
0.03601532567049804 0.09961685823754798 0.11149425287356322 0.03754789272030647 0.12567049808429123 0.07662835249042145 0.0440613026819923 0.05325670498084286 0.03639846743295015 0.05249042145593864 0.058237547892720266 0.05249042145593865 0.06743295019157086 0.10689655172413794 0.041762452107279656
0.010466988727858296 0.050080515297906636 0.0459742351046699 0.16095008051529788 0.08615136876006442 0.05628019323671499 0.12463768115942031 0.027294685990338186 0.0715780998389694 0.08438003220611917 0.023993558776167486 0.07028985507246378 0.06409017713365538 0.08864734299516909 0.03518518518518522
0.030639730639730616 0.049831649831649796 0.042087542087542056 0.1703703703703705 0.07138047138047134 0.21077441077441084 0.04343434343434341 0.039057239057239033 0.05151515151515148 0.05925925925925922 0.040067340067340036 0.042760942760942736 0.06801346801346796 0.03468013468013465 0.046127946127946094
0.048148148148148134 0.050925925925925895 0.0949074074074074 0.05138888888888889 0.07314814814814813 0.08101851851851853 0.05231481481481482 0.17546296296296293 0.04814814814814813 0.049074074074074055 0.04999999999999997 0.053240740740740713 0.0675925925925926 0.052777777777777785 0.05185185185185182
0.013287514318442141 0.017754868270332163 0.021534936998854504 0.13264604810996547 0.015578465063001125 0.13997709049255427 0.014203894616265736 0.4373424971363112 0.02829324169530353 0.03253150057273766 0.013287514318442136 0.015693012600229074 0.013058419243986243 0.021305841924398605 0.08350515463917514
0.04814814814814811 0.0574074074074074 0.15185185185185188 0.09861111111111111 0.0828703703703704 0.06250000000000006 0.05277777777777778 0.0666666666666667 0.04351851851851846 0.049074074074074055 0.06064814814814813 0.06851851851851853 0.05185185185185182 0.05138888888888888 0.054166666666666696
0.029320987654320927 0.035802469135802414 0.030555555555555496 0.030864197530864144 0.21728395061728384 0.03549382716049376 0.10092592592592592 0.03148148148148142 0.02993827160493821 0.0438271604938271 0.039197530864197465 0.04135802469135796 0.2663580246913581 0.035802469135802394 0.03179012345679007
0.02666666666666668 0.05888888888888886 0.1135555555555555 0.03866666666666669 0.044666666666666695 0.04622222222222224 0.09111111111111109 0.035555555555555576 0.027777777777777797 0.05733333333333333 0.07088888888888886 0.11066666666666662 0.03666666666666669 0.06533333333333333 0.176
0.03201058201058197 0.10026455026455021 0.03148148148148144 0.17169312169312145 0.06640211640211634 0.06984126984126977 0.22777777777777766 0.030423280423280394 0.047619047619047575 0.03544973544973542 0.03253968253968249 0.03597883597883593 0.04708994708994705 0.039947089947089905 0.03148148148148144
0.0869135802469135 0.030123456790123435 0.06246913580246909 0.13382716049382698 0.10641975308641966 0.036790123456790086 0.042716049382716 0.05703703703703699 0.029135802469135764 0.05234567901234565 0.040987654320987624 0.04617283950617281 0.19086419753086395 0.03283950617283948 0.051358024691358
0.024637681159420326 0.02898550724637685 0.04082125603864739 0.36183574879227065 0.10265700483091784 0.03574879227053144 0.03961352657004836 0.03019323671497589 0.022946859903381682 0.05628019323671499 0.03357487922705319 0.0710144927536232 0.10096618357487926 0.023671497584541103 0.027053140096618408
0.07063492063492056 0.016587301587301564 0.00809523809523808 0.016746031746031724 0.030793650793650762 0.01428571428571427 0.01968253968253966 0.008809523809523795 0.0076984126984126836 0.03880952380952377 0.015476190476190452 0.021904761904761885 0.02246031746031744 0.5566666666666664 0.1513492063492069
0.03501683501683499 0.10841750841750845 0.1542087542087543 0.10740740740740742 0.05252525252525249 0.04074074074074071 0.07070707070707066 0.03872053872053869 0.04949494949494946 0.04377104377104374 0.04006734006734004 0.061952861952861905 0.0387205387205387 0.040067340067340036 0.11818181818181822
0.028080808080808026 0.029292929292929246 0.07797979797979793 0.10727272727272723 0.07252525252525252 0.03515151515151509 0.04525252525252519 0.030101010101010045 0.11191919191919193 0.06505050505050505 0.12101010101010107 0.16828282828282828 0.0434343434343434 0.04101010101010096 0.023636363636363587
0.02942942942942944 0.049549549549549585 0.14234234234234233 0.04714714714714719 0.0780780780780781 0.06426426426426432 0.20660660660660662 0.03363363363363366 0.06786786786786787 0.059459459459459484 0.03843843843843849 0.05585585585585589 0.03453453453453457 0.04504504504504505 0.04774774774774779
0.007539682539682533 0.02718253968253966 0.01064814814814814 0.031084656084656062 0.2278439153439153 0.025793650793650764 0.038822751322751294 0.009788359788359777 0.009788359788359782 0.16712962962962966 0.05787037037037038 0.07817460317460316 0.12420634920634917 0.15185185185185188 0.032275132275132234
0.07131519274376417 0.027551020408163242 0.023469387755102027 0.057596371882086175 0.07018140589569158 0.0727891156462585 0.041043083900226755 0.3167800453514741 0.012925170068027209 0.021768707482993175 0.029251700680272073 0.11882086167800458 0.05566893424036277 0.030612244897959152 0.0502267573696145
0.030864197530864144 0.07839506172839497 0.07746913580246902 0.25277777777777766 0.06265432098765422 0.04135802469135797 0.10679012345679012 0.030864197530864144 0.03271604938271599 0.047839506172839455 0.04259259259259254 0.036419753086419676 0.036728395061728335 0.0712962962962962 0.05123456790123451
0.0323232323232323 0.05016835016835013 0.06599326599326595 0.10235690235690234 0.03872053872053869 0.06868686868686863 0.19225589225589235 0.031986531986531966 0.08585858585858579 0.04915824915824912 0.04579124579124576 0.03838383838383835 0.0323232323232323 0.03400673400673398 0.13198653198653204
0.021031746031746016 0.022817460317460306 0.020436507936507926 0.021428571428571425 0.02678571428571427 0.03333333333333331 0.02539682539682538 0.5865079365079362 0.019642857142857125 0.08789682539682539 0.03174603174603173 0.023809523809523798 0.025396825396825376 0.030952380952380933 0.022817460317460306
0.11839080459770131 0.08888888888888888 0.04712643678160915 0.07394636015325669 0.07777777777777774 0.11302681992337173 0.059770114942528714 0.038314176245210683 0.06858237547892718 0.047892720306513356 0.052107279693486525 0.06206896551724133 0.042145593869731754 0.05785440613026815 0.05210727969348654
0.019489981785063767 0.022404371584699472 0.00941105039465696 0.06703096539162108 0.023861566484517312 0.04128718882817243 0.05251973284760167 0.008561020036429879 0.011596842744383738 0.4417729204614451 0.13211900425015183 0.10279295689131758 0.010807528840315736 0.0310261080752884 0.025318761384335167
0.015261044176706824 0.06331994645247654 0.016331994645247656 0.04725568942436413 0.12168674698795177 0.13949129852744305 0.021820615796519404 0.08808567603748328 0.02074966532797858 0.031860776439089696 0.04149933065595717 0.07617135207496653 0.19705488621151268 0.017402945113788478 0.10200803212851396
0.045454545454545435 0.04646464646464645 0.12070707070707082 0.06868686868686874 0.07626262626262632 0.08080808080808087 0.06515151515151522 0.05656565656565658 0.045454545454545435 0.06060606060606065 0.04747474747474746 0.04696969696969696 0.04595959595959594 0.048989898989899 0.1444444444444445
0.04311111111111114 0.04888888888888892 0.16488888888888883 0.0466666666666667 0.05022222222222226 0.12177777777777773 0.04844444444444448 0.05333333333333336 0.045777777777777806 0.13199999999999992 0.048000000000000036 0.059111111111111156 0.048000000000000036 0.04266666666666669 0.047111111111111145
0.0417777777777778 0.06888888888888894 0.04844444444444448 0.05511111111111114 0.09288888888888894 0.10044444444444443 0.07733333333333338 0.04844444444444448 0.047111111111111145 0.05333333333333337 0.05333333333333336 0.0835555555555556 0.045777777777777806 0.04888888888888892 0.13466666666666663
0.02407407407407404 0.034920634920634894 0.047354497354497295 0.03042328042328038 0.16375661375661357 0.05608465608465606 0.12063492063492048 0.03333333333333328 0.025925925925925884 0.07724867724867718 0.08465608465608457 0.05026455026455021 0.04417989417989414 0.1793650793650792 0.027777777777777738
0.12743764172335603 0.0773242630385488 0.02585034013605442 0.1619047619047619 0.10068027210884356 0.030158730158730135 0.07777777777777775 0.02585034013605442 0.027664399092970502 0.03219954648526075 0.029251700680272094 0.042176870748299324 0.16031746031746041 0.04943310657596369 0.03197278911564623
0.11345029239766077 0.04269005847953213 0.08625730994152044 0.060526315789473636 0.10029239766081867 0.0576023391812865 0.04678362573099414 0.04005847953216372 0.03538011695906431 0.11228070175438594 0.09678362573099412 0.07368421052631574 0.04064327485380115 0.04093567251461989 0.052631578947368404
0.029777777777777806 0.026370370370370377 0.06103703703703704 0.02437037037037039 0.017481481481481487 0.13503703703703704 0.039777777777777794 0.2777777777777777 0.07074074074074074 0.05125925925925927 0.018888888888888893 0.13133333333333339 0.016518518518518523 0.07096296296296296 0.02866666666666668
0.09277777777777775 0.03777777777777775 0.02333333333333333 0.021296296296296285 0.09185185185185182 0.06444444444444444 0.10194444444444443 0.01444444444444444 0.013425925925925921 0.039537037037037 0.15703703703703706 0.02296296296296296 0.12694444444444444 0.1695370370370371 0.022685185185185173
0.10967078189300415 0.03271604938271608 0.038477366255144044 0.1002057613168724 0.15967078189300413 0.0329218106995885 0.12551440329218105 0.02448559670781896 0.04259259259259261 0.02695473251028809 0.04032921810699592 0.11646090534979427 0.0835390946502057 0.027572016460905374 0.03888888888888891
0.031623931623931574 0.04643874643874638 0.0515669515669515 0.13817663817663803 0.0763532763532763 0.04273504273504269 0.14415954415954396 0.02991452991452987 0.028205128205128164 0.07236467236467231 0.05042735042735039 0.0572649572649572 0.13190883190883185 0.04871794871794867 0.050142450142450085
0.1006172839506172 0.04506172839506168 0.04537037037037032 0.15617283950617283 0.03703703703703697 0.06481481481481471 0.03765432098765426 0.040740740740740675 0.05308641975308634 0.04969135802469128 0.05679012345679004 0.07932098765432091 0.03549382716049376 0.1635802469135802 0.03456790123456785
0.1193440428380187 0.021352074966532804 0.015863453815261046 0.09022757697456485 0.029049531459170014 0.05749665327978581 0.13654618473895588 0.01653279785809906 0.04484605087014726 0.12135207496653282 0.130388219544846 0.14082998661311918 0.013052208835341368 0.033734939759036145 0.02938420348058903
0.0133986928104575 0.04368191721132893 0.051960784313725424 0.026797385620915 0.021786492374727642 0.035185185185185146 0.03616557734204789 0.015795206971677547 0.03344226579520692 0.12320261437908478 0.26557734204793043 0.10555555555555543 0.04084967320261432 0.022222222222222206 0.16437908496732007
0.01577503429355284 0.019615912208504824 0.04252400548696846 0.05185185185185188 0.06707818930041161 0.05061728395061731 0.015226337448559694 0.4164609053497944 0.05706447187928672 0.028257887517146807 0.03511659807956107 0.02427983539094652 0.0170096021947874 0.05089163237311387 0.1082304526748972
0.06825396825396816 0.026031746031746003 0.049629629629629614 0.32391534391534355 0.018518518518518507 0.035555555555555535 0.02232804232804231 0.024232804232804217 0.04603174603174598 0.1765079365079364 0.08857142857142851 0.030370370370370336 0.034814814814814785 0.033439153439153414 0.021798941798941786
0.08591731266149881 0.02958656330749357 0.04521963824289411 0.03372093023255818 0.018604651162790715 0.03488372093023259 0.016279069767441874 0.5480620155038759 0.014599483204134383 0.026744186046511655 0.032687338501292025 0.023514211886304932 0.01808785529715764 0.021705426356589168 0.050387596899224854
0.06370370370370365 0.01907407407407408 0.09037037037037028 0.020370370370370375 0.04037037037037034 0.03462962962962961 0.022777777777777782 0.48907407407407444 0.04407407407407405 0.023148148148148143 0.02814814814814813 0.02425925925925926 0.02814814814814816 0.03111111111111111 0.040740740740740716
0.03126614987080106 0.0622739018087856 0.05116279069767447 0.1444444444444446 0.046511627906976785 0.04444444444444448 0.10775193798449624 0.029198966408268766 0.030232558139534918 0.08914728682170553 0.0780361757105944 0.11111111111111123 0.05581395348837214 0.07209302325581403 0.046511627906976785
0.05166666666666658 0.07333333333333324 0.09444444444444433 0.053888888888888806 0.07444444444444433 0.0627777777777777 0.07222222222222212 0.057222222222222126 0.05055555555555547 0.056666666666666574 0.07055555555555547 0.07166666666666655 0.05111111111111103 0.052222222222222135 0.10722222222222219
0.029545454545454573 0.2542929292929293 0.08737373737373737 0.034595959595959624 0.05479797979797984 0.09065656565656571 0.057828282828282854 0.06969696969696973 0.04292929292929295 0.029797979797979827 0.045959595959596006 0.028787878787878807 0.034090909090909116 0.03560606060606064 0.1040404040404041
0.09879227053140095 0.04613526570048311 0.1997584541062802 0.05458937198067634 0.07173913043478261 0.05917874396135268 0.06376811594202897 0.03260869565217396 0.05169082125603867 0.05241545893719808 0.07657004830917874 0.0533816425120773 0.04734299516908215 0.037439613526570104 0.05458937198067634
0.10785185185185192 0.07748148148148153 0.027703703703703706 0.13185185185185183 0.20948148148148146 0.04874074074074076 0.0974814814814815 0.025481481481481487 0.016296296296296302 0.06548148148148149 0.029037037037037045 0.07748148148148148 0.03407407407407407 0.022222222222222233 0.02933333333333334
0.04212962962962958 0.06296296296296297 0.1962962962962962 0.050462962962962966 0.045370370370370325 0.05185185185185188 0.10046296296296298 0.04259259259259254 0.06111111111111108 0.044907407407407354 0.05833333333333336 0.049074074074074055 0.044907407407407354 0.05416666666666667 0.09537037037037036
0.035069444444444445 0.04027777777777778 0.051041666666666666 0.04652777777777778 0.06284722222222222 0.05590277777777778 0.05555555555555555 0.03263888888888889 0.043402777777777776 0.058333333333333334 0.058333333333333334 0.2916666666666667 0.03958333333333333 0.05347222222222222 0.07534722222222222
0.03131313131313129 0.0646464646464646 0.05117845117845114 0.13063973063973064 0.09494949494949495 0.09461279461279457 0.054882154882154845 0.046464646464646445 0.030639730639730616 0.06228956228956224 0.040067340067340036 0.08720538720538715 0.03703703703703701 0.13569023569023575 0.03838383838383835
0.036781609195402264 0.036781609195402264 0.04176245210727964 0.03639846743295015 0.04176245210727966 0.04674329501915707 0.03984674329501911 0.4586206896551728 0.03524904214559383 0.03869731800766278 0.039463601532567005 0.036015325670498054 0.03793103448275858 0.03678160919540226 0.03716475095785438
0.04487179487179482 0.047008547008546966 0.04786324786324785 0.04487179487179485 0.04487179487179482 0.13034188034188018 0.058974358974358924 0.18376068376068355 0.0905982905982905 0.05299145299145294 0.07222222222222217 0.042307692307692275 0.043589743589743546 0.04999999999999997 0.04572649572649568
0.04222222222222225 0.055555555555555594 0.12044444444444447 0.07688888888888895 0.05244444444444448 0.04311111111111114 0.061333333333333365 0.0417777777777778 0.10533333333333329 0.059111111111111156 0.05288888888888892 0.07022222222222227 0.044888888888888916 0.0644444444444445 0.10933333333333335
0.05011820330969267 0.08061465721040192 0.026241134751773046 0.059810874704491784 0.024468085106382972 0.018794326241134755 0.09503546099290786 0.021158392434988186 0.16702127659574464 0.06217494089834517 0.049408983451536645 0.11004728132387705 0.18983451536643037 0.016784869976359335 0.028486997635933802
0.030081300813008152 0.059349593495934994 0.10542005420054201 0.13441734417344164 0.04200542005420057 0.1550135501355013 0.04227642276422767 0.05203252032520328 0.044173441734417375 0.04173441734417347 0.041192411924119265 0.07804878048780493 0.03387533875338756 0.03414634146341466 0.10623306233062328
0.06222222222222213 0.053333333333333253 0.07166666666666655 0.05944444444444434 0.06166666666666658 0.05611111111111101 0.06055555555555546 0.13722222222222222 0.05611111111111103 0.0549999999999999 0.05944444444444435 0.08111111111111104 0.06833333333333323 0.05833333333333324 0.05944444444444435
0.0868945868945868 0.035042735042734995 0.06495726495726489 0.03789173789173784 0.0629629629629629 0.05185185185185181 0.19601139601139578 0.05698005698005692 0.033048433048433 0.054700854700854645 0.03960113960113955 0.05811965811965805 0.03361823361823358 0.1472934472934471 0.04102564102564097
0.04641350210970467 0.0655414908579466 0.033333333333333354 0.1488045007032349 0.10829817158931092 0.04402250351617443 0.08720112517580877 0.06244725738396631 0.015752461322081582 0.04106891701828412 0.028410689170182864 0.03825597749648386 0.15780590717299586 0.04050632911392411 0.08213783403656821
0.13071895424836585 0.02788671023965138 0.05424836601307186 0.0282135076252723 0.06732026143790845 0.08605664488017424 0.024400871459694967 0.2893246187363834 0.029193899782135043 0.07124183006535939 0.04738562091503265 0.023856209150326782 0.020479302832243987 0.050871459694989074 0.04880174291938994
0.08707482993197281 0.2662131519274377 0.028344671201814033 0.13174603174603175 0.05079365079365074 0.03877551020408161 0.03446712018140587 0.05850340136054419 0.0571428571428571 0.03628117913832197 0.05147392290249428 0.044217687074829905 0.05079365079365075 0.0294784580498866 0.03469387755102039
0.03730158730158729 0.0464285714285714 0.14047619047619045 0.04166666666666663 0.049603174603174593 0.1952380952380952 0.10555555555555554 0.048015873015873005 0.047222222222222214 0.048809523809523796 0.04325396825396823 0.03928571428571425 0.04047619047619046 0.042460317460317434 0.07420634920634914
0.0175523349436393 0.12334943639291465 0.03059581320450889 0.08148148148148152 0.05684380032206124 0.08663446054750408 0.12431561996779385 0.028824476650563625 0.04331723027375205 0.17487922705314007 0.024959742351046713 0.0689210950080516 0.023027375201288253 0.02544283413848633 0.08985507246376814
0.036458333333333336 0.043402777777777776 0.08472222222222223 0.09270833333333334 0.08645833333333333 0.10104166666666667 0.041666666666666664 0.04236111111111111 0.090625 0.04861111111111111 0.07569444444444444 0.04097222222222222 0.10868055555555556 0.06666666666666667 0.03993055555555555
0.03716475095785436 0.08582375478927201 0.14022988505747128 0.04559386973180071 0.05785440613026814 0.16206896551724143 0.09885057471264372 0.045977011494252824 0.047126436781609146 0.06245210727969346 0.04061302681992334 0.05363984674329501 0.04444444444444441 0.039463601532567005 0.03869731800766281
0.11328976034858369 0.036601307189542444 0.061437908496731954 0.0427015250544662 0.15751633986928085 0.03660130718954244 0.1636165577342046 0.02265795206971676 0.02352941176470586 0.03376906318082786 0.028104575163398673 0.0840958605664487 0.04749455337690628 0.04814814814814809 0.10043572984749445
0.04999999999999991 0.05055555555555547 0.05444444444444435 0.05944444444444437 0.052222222222222135 0.061666666666666564 0.050555555555555465 0.05166666666666657 0.24666666666666665 0.04999999999999991 0.050555555555555465 0.053333333333333253 0.04999999999999991 0.052222222222222135 0.06666666666666658
0.06275720164609046 0.052469135802469126 0.16851851851851848 0.05185185185185184 0.05514403292181066 0.03600823045267493 0.08189300411522632 0.02427983539094653 0.0255144032921811 0.08683127572016457 0.041152263374485624 0.07119341563786008 0.02530864197530867 0.1748971193415638 0.04218106995884774
0.05180375180375176 0.04588744588744586 0.0379509379509379 0.02164502164502161 0.2298701298701299 0.03694083694083689 0.1082251082251082 0.03578643578643574 0.05165945165945164 0.0659451659451659 0.05050505050505046 0.03131313131313129 0.045743145743145724 0.02077922077922075 0.16594516594516587
0.033333333333333263 0.09607843137254893 0.035620915032679674 0.0630718954248365 0.057189542483660046 0.05980392156862738 0.06960784313725485 0.0385620915032679 0.03300653594771235 0.042156862745097966 0.09411764705882343 0.16797385620915017 0.04575163398692803 0.05751633986928096 0.10620915032679724
0.025845410628019358 0.07705314009661836 0.08599033816425124 0.09347826086956523 0.05483091787439617 0.03285024154589376 0.07391304347826089 0.027294685990338203 0.02946859903381647 0.03719806763285029 0.041787439613526614 0.1016908212560387 0.20845410628019323 0.0304347826086957 0.07971014492753627
0.03194444444444444 0.034375 0.1232638888888889 0.042708333333333334 0.059375 0.050694444444444445 0.14548611111111112 0.034027777777777775 0.03298611111111111 0.08472222222222223 0.040625 0.12916666666666668 0.03784722222222222 0.10659722222222222 0.04618055555555556
0.09700176366843023 0.03121693121693118 0.020458553791887088 0.0761904761904761 0.03068783068783064 0.047971781305114605 0.03227513227513224 0.37636684303350915 0.01904761904761901 0.14391534391534375 0.02328042328042324 0.02469135802469132 0.023456790123456767 0.024867724867724844 0.02857142857142854
0.219017094017094 0.07414529914529906 0.024786324786324768 0.028846153846153823 0.06602564102564096 0.030982905982905967 0.02991452991452989 0.030555555555555527 0.02799145299145296 0.04679487179487175 0.07286324786324777 0.02927350427350425 0.08824786324786318 0.2008547008547008 0.029700854700854675
0.07283950617283945 0.13037037037037025 0.056296296296296254 0.04987654320987651 0.062222222222222186 0.1170370370370369 0.12123456790123441 0.030864197530864168 0.024197530864197493 0.07160493827160488 0.03234567901234564 0.054320987654320946 0.02543209876543207 0.0775308641975308 0.07382716049382711
0.018571428571428534 0.05761904761904756 0.03571428571428567 0.03746031746031741 0.048888888888888864 0.13349206349206333 0.02079365079365076 0.39111111111111097 0.042063492063492004 0.04936507936507932 0.02444444444444441 0.03888888888888885 0.024603174603174575 0.04269841269841265 0.034285714285714246
0.03311546840958599 0.11742919389978192 0.032788671023965106 0.01928104575163397 0.03082788671023963 0.07875816993464044 0.14662309368191703 0.02712418300653591 0.050217864923747225 0.08790849673202608 0.07886710239651407 0.021241830065359457 0.1845315904139431 0.06971677559912845 0.02156862745098037
0.07420998980632006 0.1467889908256881 0.02008154943934759 0.039551478083588165 0.0326197757390418 0.04230377166156983 0.03955147808358821 0.013761467889908246 0.04352701325178389 0.059938837920489305 0.1485219164118247 0.13302752293577988 0.037410805300713536 0.023955147808358813 0.14475025484199794
0.03399176954732511 0.09991769547325106 0.019506172839506158 0.04436213991769547 0.042469135802469145 0.16897119341563788 0.07234567901234569 0.01448559670781892 0.011275720164609064 0.04699588477366256 0.15028806584362142 0.03917695473251028 0.012345679012345687 0.054238683127572 0.18962962962962962
0.04230769230769226 0.04102564102564099 0.04786324786324785 0.06965811965811958 0.04999999999999997 0.14102564102564086 0.08504273504273493 0.10811965811965801 0.05042735042735039 0.05128205128205124 0.04487179487179483 0.04444444444444441 0.05085470085470082 0.046153846153846115 0.1269230769230768
0.029239766081871336 0.09941520467836254 0.09707602339181286 0.03742690058479531 0.13713450292397653 0.09824561403508764 0.06169590643274851 0.034502923976608174 0.030409356725146188 0.03654970760233917 0.11637426900584796 0.05380116959064325 0.08304093567251457 0.033040935672514614 0.05204678362573098
0.04953703703703703 0.05092592592592592 0.1199074074074073 0.05185185185185186 0.057870370370370336 0.0962962962962963 0.07083333333333336 0.08749999999999997 0.06944444444444439 0.07407407407407408 0.05416666666666667 0.04675925925925924 0.04722222222222219 0.0712962962962963 0.05231481481481478
0.023311546840958593 0.06535947712418295 0.03311546840958602 0.050326797385620854 0.034422657952069675 0.1159041394335511 0.026361655773420454 0.4305010893246184 0.0250544662309368 0.03594771241830064 0.03594771241830061 0.029411764705882328 0.02418300653594769 0.028322440087145937 0.04183006535947709
0.027648578811369538 0.06511627906976751 0.0589147286821706 0.0410852713178295 0.03746770025839797 0.032299741602067215 0.032558139534883755 0.02558139534883724 0.02635658914728685 0.31834625322997423 0.12377260981912161 0.028940568475452233 0.11834625322997432 0.0369509043927649 0.026614987080103392
0.053067993366500796 0.1747927031509121 0.041956882255389696 0.020232172470978464 0.06998341625207301 0.06567164179104477 0.058208955223880594 0.059867330016583745 0.03184079601990049 0.0275290215588723 0.025704809286898847 0.02985074626865673 0.01674958540630185 0.26102819237147606 0.06351575456053067
0.013207547169811333 0.027463312368972773 0.014255765199161448 0.09297693920335427 0.04800838574423484 0.03784067085953883 0.06341719077568138 0.014150943396226436 0.013102725366876317 0.07578616352201262 0.07767295597484283 0.18752620545073373 0.25744234800838567 0.058071278825995866 0.019077568134171934
0.1204444444444443 0.04355555555555559 0.04088888888888891 0.04311111111111114 0.044888888888888916 0.04266666666666669 0.19288888888888872 0.04000000000000003 0.04044444444444447 0.04400000000000003 0.04400000000000003 0.05688888888888892 0.04222222222222225 0.04000000000000003 0.16399999999999987
0.040170940170940125 0.05128205128205124 0.04700854700854698 0.0555555555555555 0.04529914529914526 0.08376068376068369 0.12692307692307672 0.045299145299145256 0.0427350427350427 0.08034188034188025 0.054700854700854666 0.06410256410256407 0.04401709401709397 0.1405982905982904 0.07820512820512811
0.037037037037037014 0.042962962962962946 0.04148148148148148 0.131111111111111 0.04629629629629629 0.04999999999999999 0.23148148148148145 0.04148148148148148 0.10518518518518513 0.04703703703703704 0.038888888888888876 0.059629629629629595 0.03962962962962964 0.039259259259259244 0.0485185185185185
0.037448559670781936 0.04403292181069965 0.11728395061728393 0.06296296296296301 0.05432098765432103 0.04156378600823049 0.08395061728395063 0.03703703703703708 0.03703703703703708 0.046502057613168765 0.11193415637860077 0.055555555555555615 0.19300411522633737 0.03991769547325107 0.03744855967078193
0.02847222222222222 0.06145833333333333 0.02361111111111111 0.12395833333333334 0.041840277777777775 0.07048611111111111 0.2376736111111111 0.033680555555555554 0.06527777777777778 0.052256944444444446 0.043055555555555555 0.09913194444444444 0.03420138888888889 0.05364583333333333 0.03125
0.1171075837742503 0.06754850088183413 0.027160493827160456 0.11428571428571417 0.04938271604938267 0.19700176366843014 0.038447971781305074 0.05220458553791881 0.024867724867724844 0.02204585537918868 0.03492063492063487 0.06613756613756606 0.025396825396825366 0.07883597883597873 0.08465608465608457
0.07291666666666664 0.2611111111111111 0.033333333333333326 0.15555555555555559 0.06967592592592595 0.057407407407407414 0.03773148148148149 0.025462962962962948 0.039120370370370354 0.04513888888888888 0.030787037037037054 0.044907407407407424 0.05231481481481482 0.04444444444444445 0.03009259259259261
0.029206349206349146 0.04730158730158722 0.033650793650793584 0.13587301587301567 0.1504761904761903 0.07047619047619037 0.048888888888888836 0.048571428571428495 0.02984126984126979 0.16253968253968237 0.0542857142857142 0.0504761904761904 0.03301587301587295 0.044126984126984056 0.06126984126984115
0.09393939393939395 0.022455322455322464 0.019191919191919198 0.12222222222222222 0.021134421134421155 0.02416472416472418 0.035275835275835284 0.01460761460761461 0.03947163947163946 0.21173271173271185 0.05586635586635588 0.17187257187257188 0.10450660450660453 0.03061383061383063 0.03294483294483294
0.03576388888888889 0.11388888888888889 0.21840277777777778 0.04131944444444444 0.11041666666666666 0.04826388888888889 0.04097222222222222 0.053125 0.05138888888888889 0.03784722222222222 0.046875 0.03958333333333333 0.05555555555555555 0.06041666666666667 0.04618055555555556
0.037426900584795315 0.13625730994152044 0.1660818713450291 0.03391812865497075 0.04239766081871345 0.1532163742690058 0.05029239766081867 0.054093567251461944 0.05409356725146196 0.043859649122806994 0.0350877192982456 0.032748538011695874 0.03538011695906431 0.04035087719298244 0.0847953216374268
0.16635802469135805 0.04074074074074068 0.02962962962962957 0.13765432098765432 0.05339506172839499 0.0682098765432098 0.15092592592592588 0.03271604938271599 0.030864197530864144 0.08024691358024683 0.0453703703703703 0.0432098765432098 0.03549382716049376 0.054320987654320904 0.030864197530864137
0.03950617283950621 0.05226337448559675 0.11810699588477358 0.07860082304526753 0.08024691358024695 0.07654320987654324 0.059670781893004184 0.05555555555555559 0.040740740740740786 0.09341563786008225 0.09835390946502055 0.051851851851851906 0.0695473251028807 0.04074074074074077 0.044855967078189334
0.024444444444444418 0.04518518518518516 0.0664197530864197 0.07283950617283945 0.06049382716049378 0.031851851851851805 0.1350617283950616 0.025925925925925894 0.02469135802469132 0.03999999999999996 0.0795061728395061 0.22641975308641954 0.07333333333333326 0.027160493827160462 0.06666666666666662
0.04311111111111114 0.1257777777777777 0.06400000000000004 0.048000000000000036 0.054666666666666704 0.08488888888888894 0.0804444444444445 0.045777777777777806 0.07066666666666672 0.04222222222222226 0.044444444444444474 0.04311111111111114 0.0417777777777778 0.04844444444444448 0.1626666666666666
0.02613458528951484 0.15852895148669793 0.03646322378716741 0.028169014084507015 0.02895148669796554 0.04694835680751172 0.09280125195618158 0.14241001564945227 0.09937402190923324 0.05352112676056337 0.11298904538341162 0.057589984350547734 0.022378716744913908 0.05555555555555555 0.03818466353677619
0.059313725490196006 0.0547385620915032 0.01977124183006532 0.07745098039215678 0.21274509803921562 0.028431372549019566 0.05735294117647053 0.016666666666666632 0.018300653594771205 0.02712418300653591 0.049183006535947656 0.1880718954248366 0.12614379084967323 0.024019607843137215 0.040686274509803874
0.017299578059071726 0.022362869198312242 0.06202531645569625 0.09859353023909989 0.04683544303797474 0.0478199718706048 0.1537271448663854 0.02798874824191281 0.032348804500703265 0.12151898734177219 0.09296765119549934 0.036146272855133645 0.19718706047819953 0.01786216596343179 0.02531645569620254
0.020202020202020155 0.1094949494949495 0.021414141414141382 0.2646464646464645 0.03757575757575752 0.03535353535353529 0.19050505050505046 0.03212121212121207 0.02121212121212118 0.04808080808080803 0.04181818181818176 0.07878787878787878 0.0353535353535353 0.0341414141414141 0.02929292929292924
0.028132387706855774 0.03522458628841608 0.07966903073286057 0.03546099290780142 0.031205673758865248 0.03522458628841608 0.026950354609929054 0.4862884160756502 0.0281323877068558 0.027423167848699758 0.053427895981087464 0.02600472813238769 0.03617021276595745 0.03262411347517729 0.038061465721040195
0.03468013468013465 0.04747474747474744 0.035353535353535324 0.05589225589225586 0.08114478114478109 0.10673400673400672 0.07542087542087537 0.037373737373737344 0.03333333333333331 0.08013468013468009 0.048148148148148114 0.10606060606060608 0.1804713804713805 0.038047138047138024 0.03973063973063971
0.03128654970760233 0.030116959064327473 0.050584795321637406 0.17222222222222208 0.04093567251461987 0.0412280701754386 0.16403508771929828 0.0304093567251462 0.027192982456140356 0.22514619883040948 0.02982456140350877 0.04327485380116956 0.029239766081871336 0.03742690058479531 0.04707602339181284
0.03524904214559383 0.041762452107279635 0.08697318007662842 0.16053639846743306 0.04559386973180073 0.09157088122605368 0.15747126436781622 0.04099616858237544 0.03524904214559383 0.04482758620689652 0.03793103448275858 0.06283524904214557 0.03716475095785436 0.08505747126436784 0.03678160919540226
0.10087390761548067 0.02596754057428214 0.01985018726591762 0.1744069912609238 0.1872659176029963 0.02808988764044944 0.1365792759051186 0.018851435705368312 0.030337078651685397 0.0313358302122347 0.10474406991260925 0.07178526841448188 0.035205992509363286 0.01760299625468167 0.01710362047440701
