0.06159844054580895 0.0538011695906433 0.022027290448343114 0.040155945419103334 0.04132553606237821 0.07699805068226122 0.09941520467836255 0.039961013645224204 0.0916179337231969 0.05009746588693959 0.04366471734892792 0.0957115009746589 0.09785575048732942 0.12417153996101364 0.06159844054580898
0.03841269841269834 0.04349206349206344 0.05936507936507928 0.04063492063492057 0.04126984126984119 0.07301587301587294 0.03523809523809517 0.07936507936507928 0.04444444444444436 0.29428571428571393 0.061904761904761824 0.05619047619047612 0.03333333333333327 0.032698412698412636 0.06634920634920623
0.011209730440499676 0.015943458251150556 0.02386587771203156 0.6360618014464164 0.02117028270874425 0.008908612754766601 0.0405654174884944 0.08408941485864559 0.04069690992767915 0.01025641025641026 0.013313609467455627 0.010190664036817886 0.009105851413543725 0.0675213675213675 0.0071005917159763345
0.11519274376417231 0.04535147392290247 0.13582766439909302 0.04761904761904759 0.07414965986394555 0.052380952380952334 0.07097505668934236 0.03605442176870747 0.08820861678004531 0.039002267573696126 0.09909297052154196 0.034013605442176846 0.09954648526077096 0.025170068027210894 0.037414965986394516
0.03387978142076501 0.06484517304189431 0.040983606557377025 0.025683060109289613 0.03424408014571948 0.13260473588342436 0.3438979963570127 0.038615664845173016 0.05610200364298723 0.03642987249544624 0.0344262295081967 0.028597449908925307 0.07595628415300544 0.02331511839708562 0.030418943533697614
0.186243386243386 0.03015873015873012 0.026631393298059938 0.10123456790123446 0.029276895943562576 0.11569664902998227 0.0407407407407407 0.028747795414462048 0.05626102292768953 0.02574955908289238 0.09523809523809515 0.03527336860670191 0.09188712522045847 0.021164021164021128 0.11569664902998222
0.054938271604938214 0.04999999999999994 0.07253086419753078 0.04444444444444439 0.06820987654320979 0.05895061728395055 0.0959876543209876 0.06512345679012337 0.0675925925925925 0.05771604938271598 0.08734567901234562 0.1317901234567901 0.05586419753086413 0.044135802469135725 0.04537037037037032
0.05333333333333326 0.21555555555555533 0.025714285714285676 0.02666666666666663 0.020158730158730123 0.03079365079365076 0.026984126984126958 0.16031746031746014 0.04190476190476187 0.03285714285714282 0.03619047619047615 0.03476190476190473 0.1582539682539681 0.11111111111111101 0.02539682539682537
0.06978557504873299 0.07115009746588692 0.0729044834307992 0.02807017543859651 0.0695906432748538 0.06393762183235864 0.06120857699805066 0.12417153996101359 0.048732943469785586 0.07680311890838205 0.05341130604288502 0.047953216374269005 0.04152046783625734 0.07543859649122807 0.09532163742690053
0.03854166666666667 0.03888888888888889 0.09270833333333334 0.16145833333333334 0.09270833333333334 0.08333333333333333 0.04027777777777778 0.049305555555555554 0.05416666666666667 0.078125 0.04479166666666667 0.04861111111111111 0.049305555555555554 0.03854166666666667 0.08923611111111111
0.042946317103620436 0.024719101123595502 0.014107365792759074 0.019850187265917627 0.041073657927590525 0.09925093632958804 0.031086142322097356 0.21922596754057425 0.024719101123595516 0.03245942571785268 0.1431960049937579 0.17041198501872662 0.02684144818976281 0.020349563046192284 0.08976279650436955
0.02627314814814814 0.021874999999999995 0.030960648148148164 0.01064814814814815 0.025405092592592594 0.622164351851852 0.0392939814814815 0.016550925925925924 0.015451388888888886 0.07262731481481483 0.010937500000000005 0.015740740740740732 0.03784722222222222 0.033275462962962965 0.020949074074074068
0.24234234234234225 0.04999999999999999 0.022372372372372388 0.024174174174174185 0.13723723723723721 0.1168168168168168 0.06501501501501503 0.08423423423423419 0.03648648648648649 0.03513513513513514 0.027627627627627667 0.06381381381381382 0.04759759759759758 0.02042042042042044 0.026726726726726754
0.043019943019943 0.054131054131054096 0.03817663817663813 0.04387464387464382 0.04871794871794866 0.07008547008547002 0.058689458689458636 0.037321937321937275 0.04330484330484325 0.344444444444444 0.034757834757834706 0.03475783475783472 0.07008547008546999 0.036182336182336156 0.042450142450142385
0.05291005291005284 0.07195767195767186 0.048677248677248604 0.050264550264550185 0.08783068783068773 0.06455026455026447 0.050264550264550206 0.08835978835978826 0.056084656084656 0.07460317460317453 0.053968253968253874 0.14126984126984113 0.05343915343915337 0.050264550264550185 0.05555555555555547
0.04217687074829929 0.028117913832199554 0.02698412698412698 0.2925170068027212 0.09795918367346935 0.04444444444444441 0.03968253968253965 0.03446712018140585 0.04897959183673464 0.03333333333333331 0.1607709750566894 0.045351473922902466 0.03673469387755101 0.031292517006802696 0.037188208616780016
0.06314363143631439 0.053658536585365894 0.03821138211382116 0.11626016260162599 0.06504065040650411 0.047425474254742576 0.053658536585365894 0.1550135501355013 0.04525745257452578 0.06449864498644992 0.1002710027100271 0.07398373983739844 0.04227642276422767 0.031165311653116555 0.05013550135501359
0.04841269841269838 0.05370370370370367 0.03439153439153434 0.03809523809523805 0.03042328042328038 0.04338624338624334 0.08809523809523803 0.04629629629629626 0.05899470899470896 0.037037037037036986 0.06402116402116396 0.07962962962962956 0.21190476190476185 0.12566137566137553 0.039947089947089905
0.1337962962962963 0.053240740740740734 0.04675925925925923 0.048148148148148114 0.04629629629629627 0.09444444444444447 0.08796296296296291 0.050925925925925916 0.05416666666666665 0.05694444444444447 0.1333333333333333 0.04537037037037032 0.048611111111111084 0.054166666666666655 0.04583333333333328
0.17194444444444443 0.05749999999999998 0.041111111111111064 0.03305555555555552 0.07027777777777777 0.040833333333333284 0.1238888888888889 0.050833333333333314 0.09416666666666668 0.04944444444444443 0.0991666666666667 0.04555555555555552 0.040833333333333284 0.02888888888888884 0.052500000000000005
0.048234280792420384 0.10559862187769177 0.04857881136950909 0.013522825150732144 0.04745908699397076 0.051335055986218826 0.3995693367786392 0.07278208440999147 0.055727820844099975 0.05486649440137818 0.02291128337639968 0.01998277347114558 0.025409130060292877 0.015503875968992263 0.01851851851851854
0.04777777777777776 0.10259259259259253 0.041111111111111105 0.05481481481481479 0.04666666666666666 0.04185185185185184 0.0485185185185185 0.0788888888888889 0.038518518518518514 0.19518518518518502 0.04444444444444443 0.04962962962962963 0.05703703703703703 0.03925925925925926 0.1137037037037036
0.044444444444444384 0.19027777777777782 0.04351851851851847 0.044444444444444405 0.04768518518518517 0.04907407407407405 0.06851851851851853 0.06759259259259262 0.05092592592592592 0.050462962962962946 0.044907407407407354 0.045370370370370325 0.1532407407407407 0.04259259259259253 0.056944444444444506
0.03423423423423423 0.03933933933933937 0.10540540540540536 0.03993993993993996 0.04414414414414416 0.05405405405405407 0.03783783783783787 0.23783783783783785 0.09399399399399398 0.05705705705705709 0.056456456456456514 0.04294294294294296 0.06216216216216215 0.03243243243243245 0.06216216216216219
0.15232974910394276 0.053166069295101516 0.03811230585424131 0.016845878136200705 0.022222222222222206 0.06284348864994022 0.024014336917562707 0.046236559139784916 0.02712066905615291 0.02090800477897251 0.037992831541218616 0.11362007168458785 0.07132616487455191 0.1422939068100359 0.17096774193548395
0.051111111111111086 0.029629629629629603 0.07666666666666659 0.0522222222222222 0.1364814814814815 0.0496296296296296 0.04629629629629628 0.0605555555555555 0.0412962962962963 0.0335185185185185 0.054259259259259215 0.06814814814814808 0.2418518518518518 0.024259259259259258 0.034074074074074055
0.09377777777777781 0.05022222222222226 0.05155555555555559 0.04977777777777781 0.08400000000000006 0.04844444444444448 0.07688888888888894 0.051111111111111135 0.05377777777777781 0.1364444444444444 0.06755555555555559 0.05377777777777781 0.07200000000000005 0.05155555555555559 0.059111111111111156
0.49277065527065533 0.010149572649572641 0.010968660968660959 0.016346153846153833 0.00811965811965811 0.040740740740740716 0.008119658119658108 0.012215099715099704 0.17585470085470084 0.013710826210826199 0.011467236467236458 0.09501424501424503 0.012250712250712245 0.08454415954415953 0.007727920227920223
0.24649122807017546 0.051754385964912254 0.061403508771929786 0.03157894736842105 0.051754385964912254 0.03333333333333331 0.04561403508771928 0.03245614035087717 0.039473684210526314 0.049122807017543846 0.11374269005847955 0.0657894736842105 0.04327485380116956 0.030409356725146174 0.10380116959064324
0.04285714285714281 0.10767195767195754 0.15952380952380932 0.05634920634920631 0.03412698412698408 0.11904761904761896 0.06798941798941792 0.03756613756613752 0.0645502645502645 0.03386243386243382 0.0629629629629629 0.03941798941798938 0.0973544973544973 0.03306878306878302 0.04365079365079362
0.0178975382568197 0.1088489687292083 0.017498336660013304 0.013040585495675315 0.018762475049900203 0.18429807052561545 0.32035928143712566 0.04544244843646039 0.05242847638057219 0.021623419827012658 0.01497005988023953 0.04810379241516962 0.03858948769128411 0.058749168330006665 0.039387890884896866
0.02459016393442623 0.05573770491803273 0.08561020036429874 0.02367941712204008 0.036794171220400684 0.036612021857923484 0.038433515482695774 0.03205828779599268 0.03260473588342439 0.21912568306010924 0.06885245901639346 0.029143897996356995 0.1577413479052823 0.12258652094717676 0.03642987249544625
0.06157407407407411 0.1 0.05046296296296294 0.05694444444444447 0.05046296296296296 0.05509259259259259 0.06712962962962964 0.05 0.06018518518518521 0.1222222222222222 0.08703703703703704 0.07546296296296297 0.06620370370370372 0.044907407407407354 0.0523148148148148
0.16028806584362137 0.04650205761316873 0.02489711934156382 0.04074074074074077 0.034979423868312785 0.0551440329218107 0.04320987654320988 0.051440329218107 0.03580246913580249 0.033539094650205784 0.20555555555555563 0.030658436213991794 0.13806584362139918 0.027983539094650237 0.07119341563786011
0.09242424242424245 0.0803030303030303 0.07752525252525258 0.03409090909090911 0.042424242424242475 0.2078282828282828 0.07247474747474751 0.04393939393939397 0.036616161616161665 0.0431818181818182 0.07626262626262628 0.03459595959595964 0.04469696969696974 0.0315656565656566 0.0820707070707071
0.014185544768069037 0.4791801510248114 0.0066343042071197395 0.021251348435814447 0.01321467098166127 0.05566343042071201 0.012891046386192014 0.035167206040992466 0.022330097087378636 0.007551240560949296 0.008198489751887807 0.11192017259978425 0.010302049622437968 0.11289104638619207 0.0886192017259979
0.15674603174603177 0.0468253968253968 0.06428571428571424 0.051190476190476175 0.038492063492063466 0.04642857142857142 0.0714285714285714 0.17499999999999988 0.05674603174603169 0.056349206349206316 0.05238095238095239 0.05277777777777777 0.04920634920634919 0.04087301587301585 0.04126984126984125
0.03771043771043769 0.04848484848484845 0.08619528619528613 0.08922558922558918 0.08518518518518511 0.04074074074074071 0.04410774410774408 0.0397306397306397 0.03872053872053869 0.04175084175084172 0.2481481481481482 0.051851851851851816 0.046127946127946094 0.03164983164983163 0.07037037037037032
0.11512027491408919 0.024112256586483378 0.020675830469644885 0.035738831615120224 0.018098510882016017 0.2424971363115693 0.02817869415807557 0.1830469644902632 0.04513172966781211 0.029037800687285193 0.030183276059564692 0.034135166093928956 0.1323596792668956 0.028006872852233647 0.03367697594501715
0.03703703703703701 0.06980056980056974 0.0461538461538461 0.1165242165242164 0.05982905982905974 0.18490028490028476 0.04102564102564097 0.09715099715099706 0.029914529914529864 0.04700854700854696 0.05811965811965806 0.03988603988603983 0.03589743589743585 0.029629629629629582 0.10712250712250702
0.04544544544544545 0.03823823823823825 0.021321321321321324 0.26596596596596583 0.017317317317317314 0.04124124124124123 0.15405405405405406 0.05395395395395395 0.07477477477477473 0.014314314314314309 0.10830830830830827 0.056756756756756725 0.03713713713713712 0.03873873873873877 0.03243243243243242
0.18611111111111106 0.03376068376068373 0.0331196581196581 0.04294871794871792 0.06282051282051276 0.05811965811965808 0.038034188034188 0.08803418803418797 0.043803418803418766 0.06923076923076914 0.08803418803418796 0.04423076923076918 0.15470085470085473 0.02713675213675211 0.029914529914529888
0.07199999999999998 0.0297777777777778 0.027333333333333352 0.20644444444444437 0.026666666666666686 0.07577777777777775 0.04355555555555558 0.03800000000000003 0.08133333333333329 0.027333333333333352 0.09333333333333328 0.1862222222222222 0.03400000000000002 0.025555555555555574 0.03266666666666669
0.06514161220043564 0.05010893246187359 0.05098039215686268 0.03311546840958602 0.04313725490196074 0.04531590413943351 0.02875816993464049 0.094553376906318 0.10544662309368184 0.04204793028322436 0.09934640522875805 0.03289760348583875 0.044008714596949855 0.027015250544662278 0.23812636165577306
0.03560606060606063 0.035606060606060634 0.02727272727272729 0.026515151515151523 0.03282828282828286 0.14116161616161613 0.06515151515151517 0.07020202020202024 0.036616161616161644 0.34772727272727266 0.03282828282828288 0.044696969696969735 0.03914141414141417 0.029040404040404057 0.035606060606060655
0.025555555555555564 0.08923611111111113 0.009513888888888877 0.01284722222222222 0.011597222222222214 0.17361111111111105 0.014583333333333335 0.28430555555555576 0.032916666666666664 0.036319444444444446 0.011874999999999993 0.01444444444444444 0.18625000000000008 0.06895833333333336 0.027986111111111118
0.0712121212121213 0.05101010101010104 0.0641414141414142 0.05000000000000001 0.06818181818181825 0.052525252525252565 0.05555555555555559 0.09141414141414146 0.05252525252525254 0.056060606060606095 0.16262626262626262 0.06262626262626268 0.0585858585858586 0.048989898989899 0.05454545454545458
0.13939393939393943 0.04848484848484845 0.039057239057239033 0.03265993265993264 0.03501683501683499 0.042087542087542056 0.04579124579124576 0.037373737373737344 0.10572390572390573 0.03501683501683499 0.1175084175084175 0.1107744107744108 0.06060606060606057 0.10303030303030304 0.04747474747474744
0.31856540084388196 0.1243319268635725 0.015471167369901546 0.030098452883263023 0.026441631504922652 0.028691983122362884 0.025879043600562607 0.14050632911392402 0.09085794655414911 0.020675105485232062 0.027004219409282715 0.029535864978902992 0.05921237693389596 0.01786216596343179 0.04486638537271451
0.18109161793372322 0.06257309941520466 0.023196881091617962 0.026705653021442528 0.023781676413255404 0.10857699805068223 0.03723196881091621 0.13606237816764133 0.12787524366471734 0.030994152046783664 0.04463937621832363 0.0830409356725146 0.025146198830409385 0.027875243664717386 0.061208576998050636
0.05198412698412696 0.0944444444444444 0.048809523809523796 0.04206349206349204 0.08571428571428563 0.0587301587301587 0.057539682539682495 0.04246031746031745 0.04444444444444443 0.20000000000000004 0.04087301587301585 0.05158730158730155 0.08373015873015865 0.04920634920634919 0.04841269841269842
0.1850088183421514 0.05432098765432091 0.05820105820105812 0.02733686067019396 0.0865961199294532 0.07054673721340379 0.035978835978835944 0.041622574955908265 0.06860670194003518 0.03492063492063489 0.10035273368606698 0.05485008818342146 0.0938271604938271 0.02169312169312166 0.0661375661375661
0.030409356725146223 0.380896686159844 0.06315789473684211 0.020467836257309975 0.027485380116959106 0.0389863547758285 0.029629629629629662 0.04931773879142301 0.026900584795321678 0.040350877192982505 0.06959064327485383 0.024171539961013677 0.049122807017543874 0.05886939571150097 0.0906432748538012
0.028703703703703672 0.019135802469135772 0.0379629629629629 0.5026234567901235 0.02484567901234565 0.03749999999999996 0.021296296296296268 0.01851851851851849 0.0503086419753086 0.022222222222222195 0.026697530864197495 0.08719135802469136 0.045833333333333295 0.0544753086419753 0.022685185185185155
0.03833333333333328 0.04666666666666664 0.041944444444444416 0.03777777777777773 0.18805555555555564 0.040833333333333284 0.05805555555555556 0.055833333333333304 0.0755555555555556 0.0661111111111111 0.0419444444444444 0.06555555555555559 0.06555555555555559 0.04444444444444439 0.13333333333333333
0.04629629629629627 0.16574074074074074 0.0430555555555555 0.04398148148148143 0.07962962962962965 0.05694444444444446 0.10787037037037038 0.04675925925925924 0.04953703703703701 0.0666666666666667 0.0513888888888889 0.06111111111111112 0.057870370370370364 0.04351851851851845 0.07962962962962965
0.08635477582846 0.053996101364522424 0.04580896686159848 0.05594541910331382 0.08849902534113062 0.03918128654970765 0.03489278752436651 0.09805068226120864 0.05672514619883039 0.028460038986354803 0.0729044834307992 0.09200779727095518 0.127485380116959 0.06608187134502923 0.05360623781676411
0.1527777777777778 0.032905982905982865 0.03247863247863244 0.033547008547008504 0.13995726495726493 0.032692307692307666 0.05149572649572645 0.05170940170940165 0.05448717948717944 0.06837606837606833 0.04999999999999996 0.07564102564102552 0.036538461538461506 0.07970085470085461 0.10769230769230764
0.07341269841269835 0.051984126984126966 0.06428571428571422 0.0468253968253968 0.1111111111111111 0.040079365079365034 0.06230158730158724 0.044047619047619016 0.05039682539682538 0.1373015873015873 0.05436507936507933 0.0575396825396825 0.11428571428571424 0.03809523809523808 0.05396825396825392
0.04871794871794867 0.08803418803418794 0.09273504273504266 0.04273504273504269 0.0858974358974358 0.04871794871794867 0.054700854700854666 0.04316239316239312 0.053846153846153794 0.08119658119658112 0.07521367521367513 0.04529914529914525 0.1405982905982904 0.04829059829059828 0.05085470085470084
0.06055555555555546 0.05611111111111102 0.08388888888888876 0.05611111111111103 0.0577777777777777 0.05277777777777769 0.057222222222222126 0.056666666666666574 0.06222222222222215 0.05888888888888881 0.09944444444444434 0.06944444444444436 0.11 0.050555555555555465 0.06833333333333327
0.03712737127371277 0.04552845528455288 0.02953929539295395 0.09783197831978321 0.04688346883468838 0.07317073170731712 0.037940379403794064 0.13170731707317068 0.05474254742547429 0.034959349593495954 0.034959349593495954 0.05853658536585369 0.03387533875338755 0.10325203252032521 0.17994579945799455
0.08599033816425128 0.046859903381642594 0.05314009661835758 0.05410628019323681 0.05797101449275369 0.06086956521739139 0.06521739130434792 0.053140096618357564 0.05748792270531409 0.12222222222222229 0.13526570048309178 0.05265700483091794 0.04879227053140105 0.053140096618357564 0.053140096618357585
0.04975845410628028 0.15603864734299525 0.05893719806763295 0.055555555555555636 0.08454106280193249 0.05507246376811603 0.0468599033816426 0.06328502415458945 0.061352657004831015 0.057971014492753735 0.07246376811594213 0.05507246376811601 0.0753623188405798 0.05072463768115951 0.05700483091787447
0.1292222222222222 0.021111111111111122 0.18455555555555564 0.031222222222222217 0.014444444444444454 0.03322222222222219 0.022000000000000016 0.030888888888888872 0.05844444444444438 0.02600000000000001 0.1317777777777778 0.031333333333333324 0.0804444444444444 0.18077777777777781 0.024555555555555567
0.07800925925925926 0.09120370370370375 0.12013888888888886 0.04027777777777779 0.05995370370370368 0.07013888888888888 0.03541666666666668 0.040046296296296316 0.03449074074074075 0.053240740740740734 0.0465277777777778 0.0608796296296296 0.14444444444444443 0.03171296296296298 0.09351851851851853
0.03401360544217684 0.08253968253968245 0.04036281179138317 0.03174603174603172 0.04671201814058955 0.02993197278911562 0.03809523809523806 0.04421768707482988 0.04943310657596365 0.03922902494331061 0.09637188208616781 0.02789115646258503 0.06394557823129247 0.06848072562358282 0.30702947845804984
0.020359666024405917 0.18349389852280013 0.04579319203596658 0.01355170199100836 0.047077713551702004 0.1061657032755299 0.09576107899807325 0.04572896596017983 0.052536929993577404 0.02048811817597947 0.013423249839434834 0.028259473346178555 0.2152215799614644 0.09903660886319844 0.013102119460500977
0.030864197530864168 0.31506172839506136 0.061234567901234535 0.02444444444444441 0.024691358024691336 0.059999999999999935 0.04148148148148146 0.048395061728395035 0.04296296296296294 0.13901234567901216 0.05086419753086416 0.04617283950617281 0.04666666666666664 0.029382716049382675 0.0387654320987654
0.03581871345029238 0.04956140350877189 0.028654970760233885 0.029970760233918096 0.05467836257309939 0.20146198830409354 0.06783625730994151 0.02909356725146197 0.03596491228070173 0.030409356725146185 0.21374269005847957 0.02514619883040937 0.14371345029239763 0.025438596491228052 0.02850877192982454
0.04296296296296295 0.06000000000000001 0.07222222222222219 0.04037037037037037 0.04074074074074074 0.053703703703703684 0.043703703703703696 0.04481481481481482 0.04296296296296298 0.2792592592592593 0.05259259259259259 0.04592592592592592 0.04481481481481482 0.05333333333333332 0.08259259259259258
0.025988700564971715 0.1881355932203389 0.034274952919020676 0.0404896421845574 0.03276836158192087 0.08700564971751401 0.04256120527306963 0.04971751412429374 0.08757062146892645 0.05273069679849335 0.06836158192090387 0.03182674199623348 0.1630885122410546 0.029378531073446297 0.0661016949152542
0.07925925925925924 0.039259259259259244 0.03814814814814814 0.04074074074074075 0.039259259259259244 0.038518518518518514 0.04703703703703704 0.10962962962962955 0.038888888888888876 0.052592592592592594 0.1492592592592591 0.059629629629629616 0.09925925925925919 0.11888888888888878 0.04962962962962962
0.023968253968253937 0.050476190476190445 0.04412698412698406 0.05476190476190473 0.03492063492063488 0.04476190476190474 0.0382539682539682 0.05126984126984123 0.0479365079365079 0.11920634920634916 0.02158730158730155 0.04873015873015867 0.039365079365079325 0.03079365079365076 0.34984126984126973
0.02771084337349399 0.03413654618473894 0.05682730923694781 0.3965194109772425 0.03634538152610441 0.07309236947791162 0.03092369477911646 0.039625167336010694 0.0835341365461847 0.009906291834002675 0.03714859437751002 0.016733601070950472 0.04183400267737617 0.09859437751004017 0.017068273092369485
0.042901234567901174 0.1645061728395061 0.05462962962962954 0.044135802469135746 0.09135802469135791 0.05586419753086415 0.06080246913580241 0.060185185185185126 0.04845679012345674 0.04876543209876537 0.03580246913580242 0.0712962962962962 0.1024691358024691 0.04074074074074067 0.07808641975308632
0.053439153439153377 0.02874779541446207 0.015432098765432079 0.029453262786596084 0.02654320987654318 0.0616402116402116 0.0842151675485008 0.013668430335096987 0.021604938271604923 0.01560846560846559 0.08756613756613746 0.2978835978835979 0.03791887125220456 0.16137566137566117 0.0649029982363315
0.02784471218206157 0.05327978580990629 0.14310575635876832 0.06372155287817932 0.10428380187416329 0.025301204819277112 0.026639892904953135 0.02878179384203481 0.026238286479250337 0.04257028112449801 0.029718875502008028 0.04738955823293172 0.2194109772423025 0.12128514056224889 0.04042838018741634
0.04587813620071682 0.13476702508960578 0.03548387096774191 0.03333333333333331 0.03512544802867381 0.04444444444444441 0.048028673835125414 0.05949820788530462 0.04193548387096772 0.24408602150537642 0.03405017921146951 0.04336917562724011 0.057706093189964114 0.04014336917562721 0.1021505376344086
0.0181245074862096 0.020488573680063033 0.5166272655634357 0.01812450748620959 0.013081166272655629 0.045390070921985805 0.10197005516154453 0.016548463356973988 0.014105594956658788 0.017572892040977145 0.03656422379826636 0.05311268715524036 0.03089046493301812 0.0742316784869976 0.023167848699763578
0.07297297297297299 0.055555555555555566 0.034534534534534554 0.055255255255255285 0.08858858858858856 0.07837837837837837 0.06066066066066069 0.05495495495495501 0.04834834834834837 0.059459459459459525 0.11201201201201197 0.0846846846846847 0.07057057057057059 0.0627627627627628 0.061261261261261274
0.09411764705882342 0.031045751633986863 0.0297385620915032 0.04575163398692804 0.05915032679738552 0.04313725490196072 0.03071895424836595 0.031699346405228694 0.04084967320261431 0.04771241830065352 0.11601307189542472 0.337908496732026 0.030718954248365942 0.03071895424836595 0.03071895424836595
0.09039039039039033 0.03573573573573577 0.06186186186186189 0.0504504504504505 0.11321321321321322 0.06636636636636638 0.05855855855855858 0.036036036036036036 0.06366366366366373 0.034834834834834856 0.09579579579579575 0.05225225225225224 0.07447447447447451 0.12732732732732732 0.03903903903903906
0.06944444444444445 0.2111111111111111 0.034375 0.03784722222222222 0.04722222222222222 0.065625 0.06493055555555556 0.05590277777777778 0.049305555555555554 0.052083333333333336 0.049652777777777775 0.06145833333333333 0.08506944444444445 0.034722222222222224 0.08125
0.04938271604938277 0.044444444444444474 0.04115226337448564 0.05637860082304532 0.10288065843621398 0.04444444444444448 0.049794238683127594 0.04609053497942393 0.04691358024691363 0.19629629629629636 0.05349794238683134 0.04732510288065848 0.08477366255144037 0.04732510288065849 0.08930041152263374
0.1831349206349206 0.047222222222222214 0.02182539682539681 0.03730158730158727 0.04543650793650792 0.033928571428571405 0.05932539682539683 0.20436507936507936 0.0886904761904762 0.03809523809523806 0.024801587301587283 0.11388888888888885 0.03373015873015871 0.023809523809523798 0.04444444444444444
0.03794871794871793 0.06393162393162387 0.07794871794871788 0.24051282051282033 0.043931623931623906 0.03452991452991449 0.05846153846153841 0.023247863247863213 0.03470085470085467 0.03418803418803414 0.056239316239316176 0.0984615384615384 0.03128205128205124 0.13794871794871782 0.02666666666666664
0.2538720538720538 0.020538720538720526 0.01784511784511783 0.05942760942760946 0.0323232323232323 0.025084175084175066 0.03131313131313129 0.019360269360269345 0.03804713804713802 0.020707070707070695 0.03265993265993264 0.33569023569023576 0.02878787878787877 0.062457912457912476 0.021885521885521873
0.22210648148148154 0.030902777777777782 0.013425925925925928 0.018981481481481495 0.049421296296296297 0.03854166666666666 0.028356481481481472 0.2828703703703702 0.05810185185185186 0.028125000000000015 0.020023148148148154 0.052199074074074085 0.020370370370370375 0.06944444444444448 0.06712962962962964
0.0785063752276867 0.03870673952641166 0.020491803278688502 0.15837887067395262 0.026775956284152993 0.04426229508196721 0.10500910746812385 0.11703096539162111 0.07185792349726776 0.017486338797814208 0.11502732240437152 0.06420765027322406 0.021675774134790497 0.07978142076502732 0.0408014571948998
0.24323671497584548 0.14057971014492757 0.02801932367149759 0.023792270531400976 0.054589371980676316 0.05169082125603863 0.05700483091787435 0.021980676328502438 0.08043478260869567 0.0657004830917875 0.04613526570048308 0.031280193236714986 0.06835748792270525 0.052415458937198046 0.03478260869565218
0.05392156862745091 0.09444444444444436 0.05686274509803911 0.03986928104575157 0.12516339869281035 0.053921568627450886 0.04999999999999993 0.05228758169934632 0.04934640522875807 0.0516339869281045 0.049346405228758106 0.045098039215686204 0.10228758169934629 0.11013071895424821 0.06568627450980384
0.03304843304843301 0.06524216524216517 0.04415954415954409 0.033333333333333284 0.09145299145299138 0.05783475783475777 0.0464387464387464 0.043304843304843264 0.03561253561253557 0.25071225071225045 0.042165242165242096 0.04729344729344726 0.12792022792022775 0.03903133903133898 0.042450142450142385
0.043055555555555555 0.034027777777777775 0.035069444444444445 0.41770833333333335 0.04097222222222222 0.035416666666666666 0.04027777777777778 0.051041666666666666 0.04131944444444444 0.05277777777777778 0.050694444444444445 0.04201388888888889 0.044097222222222225 0.03333333333333333 0.03819444444444445
0.03986928104575156 0.08169934640522865 0.04444444444444436 0.03496732026143784 0.05326797385620906 0.03300653594771235 0.1830065359477122 0.08986928104575151 0.06143790849673193 0.04771241830065352 0.09509803921568617 0.047058823529411695 0.04869281045751628 0.03496732026143785 0.10490196078431357
0.03549382716049376 0.21697530864197517 0.0342592592592592 0.03240740740740734 0.05277777777777771 0.04999999999999994 0.03456790123456784 0.11820987654320982 0.06697530864197523 0.042283950617283884 0.03858024691358018 0.05370370370370364 0.07870370370370364 0.1018518518518518 0.04320987654320982
0.026177024482109193 0.0728813559322033 0.04463276836158187 0.024293785310734436 0.0815442561205272 0.03352165725047078 0.0493408662900188 0.1107344632768361 0.03954802259887001 0.06139359698681725 0.05894538606403006 0.03163841807909601 0.0689265536723163 0.022975517890772103 0.2734463276836157
0.06507936507936504 0.03968253968253965 0.031065759637188186 0.028798185941043063 0.03333333333333331 0.14467120181405901 0.05124716553287977 0.24603174603174593 0.053287981859410395 0.03696145124716551 0.07959183673469387 0.03900226757369613 0.07165532879818587 0.02653061224489794 0.05306122448979592
0.025793650793650785 0.02539682539682538 0.20575396825396824 0.03690476190476187 0.026587301587301573 0.024007936507936496 0.036507936507936475 0.02281746031746031 0.029960317460317434 0.35992063492063486 0.028373015873015852 0.029166666666666646 0.02976190476190475 0.06964285714285717 0.04940476190476188
0.1322580645161291 0.05125448028673832 0.039784946236559114 0.048028673835125414 0.03763440860215051 0.03942652329749101 0.051971326164874515 0.12186379928315418 0.06236559139784942 0.03620071684587811 0.04336917562724011 0.15017921146953406 0.06200716845878132 0.040860215053763416 0.08279569892473113
0.13846153846153844 0.027991452991452965 0.07179487179487173 0.048717948717948684 0.07564102564102557 0.052136752136752076 0.04914529914529909 0.037606837606837584 0.04551282051282049 0.06517094017094015 0.046581196581196554 0.08824786324786316 0.04081196581196577 0.1685897435897436 0.04358974358974356
0.09743589743589733 0.03732193732193727 0.03076923076923072 0.12022792022792007 0.13162393162393146 0.043304843304843264 0.06723646723646716 0.10227920227920219 0.044159544159544116 0.04814814814814809 0.04358974358974354 0.035897435897435846 0.08461538461538454 0.0313390313390313 0.08205128205128197
0.03524904214559383 0.04559386973180073 0.041379310344827544 0.03869731800766279 0.07509578544061304 0.07739463601532562 0.08237547892720304 0.0383141762452107 0.056321839080459735 0.21762452107279714 0.048659003831417566 0.04137931034482755 0.040613026819923334 0.11494252873563239 0.04636015325670492
0.038818565400843885 0.019127988748241915 0.10787623066104081 0.03431786216596344 0.022222222222222206 0.08157524613220818 0.02686357243319271 0.0891701828410689 0.030520393811533077 0.018284106891701842 0.27482419127988766 0.1542897327707454 0.026160337552742628 0.05063291139240508 0.025316455696202535
0.06636636636636638 0.05315315315315321 0.03333333333333334 0.032132132132132146 0.07507507507507506 0.054054054054054064 0.036936936936936976 0.06666666666666671 0.03573573573573577 0.04804804804804809 0.10960960960960961 0.04294294294294297 0.050450450450450504 0.06486486486486487 0.2306306306306306
0.04713261648745519 0.052688172043010746 0.0646953405017921 0.08010752688172049 0.03870967741935481 0.06326164874551975 0.05465949820788535 0.11218637992831548 0.1577060931899642 0.08620071684587824 0.03207885304659496 0.06111111111111115 0.041218637992831514 0.04946236559139784 0.058781362007168485
0.07163742690058474 0.047660818713450265 0.04152046783625728 0.033040935672514614 0.05555555555555552 0.07514619883040932 0.04999999999999996 0.04269005847953214 0.05058479532163739 0.05526315789473679 0.15116959064327476 0.033918128654970736 0.21842105263157896 0.035964912280701734 0.03742690058479531
0.05317460317460313 0.10595238095238096 0.04801587301587299 0.03928571428571424 0.04484126984126981 0.1555555555555555 0.08571428571428567 0.053174603174603166 0.08809523809523806 0.04920634920634918 0.04563492063492061 0.04999999999999998 0.06150793650793648 0.05436507936507934 0.06547619047619041
0.065079365079365 0.05079365079365073 0.04973544973544966 0.2465608465608463 0.07407407407407397 0.053439153439153377 0.04973544973544966 0.04973544973544966 0.04973544973544966 0.05449735449735441 0.04973544973544967 0.04973544973544966 0.050793650793650724 0.056084656084656015 0.050264550264550185
0.25340501792114706 0.03799283154121861 0.04480286738351252 0.04301075268817201 0.07885304659498202 0.06523297491039422 0.047670250896057316 0.047670250896057316 0.04229390681003581 0.04157706093189961 0.09390681003584227 0.05268817204301072 0.05555555555555552 0.04086021505376341 0.054480286738351216
0.04254742547425477 0.05853658536585369 0.03821138211382116 0.044173441734417375 0.07452574525745263 0.07777777777777782 0.05311653116531168 0.037669376693766965 0.04281842818428187 0.0626016260162602 0.05203252032520329 0.2504065040650406 0.07506775067750682 0.04634146341463418 0.044173441734417375
0.04629629629629623 0.05524691358024684 0.11172839506172841 0.12993827160493826 0.04197530864197523 0.04197530864197523 0.07654320987654313 0.03641975308641969 0.10895061728395061 0.033950617283950574 0.1561728395061728 0.04660493827160488 0.0475308641975308 0.032716049382715995 0.03395061728395056
0.15799457994579938 0.03495934959349596 0.03279132791327915 0.03739837398373986 0.03441734417344176 0.08726287262872634 0.05338753387533879 0.044444444444444474 0.03252032520325206 0.03414634146341466 0.1682926829268292 0.13360433604336042 0.07127371273712742 0.029268292682926852 0.04823848238482388
0.036616161616161644 0.1151515151515151 0.01856060606060609 0.021590909090909112 0.03510101010101012 0.16060606060606059 0.3768939393939394 0.05896464646464646 0.025757575757575785 0.022727272727272745 0.039898989898989906 0.024368686868686887 0.028787878787878807 0.013257575757575761 0.021717171717171736
0.10772005772005766 0.0431096681096681 0.0128066378066378 0.04430014430014429 0.023665223665223653 0.2526695526695526 0.031240981240981253 0.055627705627705616 0.027886002886002893 0.019155844155844152 0.14336219336219327 0.03542568542568541 0.10292207792207794 0.048881673881673866 0.05122655122655124
0.09444444444444439 0.05925925925925925 0.05740740740740739 0.04555555555555555 0.07740740740740738 0.04925925925925923 0.0474074074074074 0.04592592592592592 0.0511111111111111 0.07148148148148142 0.04629629629629628 0.12851851851851842 0.097037037037037 0.041111111111111105 0.08777777777777775
0.07142857142857133 0.053439153439153356 0.050264550264550185 0.05925925925925918 0.06984126984126973 0.05132275132275125 0.06613756613756605 0.06455026455026447 0.0555555555555555 0.06402116402116395 0.13650793650793636 0.07830687830687827 0.06455026455026446 0.053968253968253894 0.06084656084656078
0.04474474474474478 0.1147147147147147 0.042942942942942985 0.1345345345345345 0.09939939939939937 0.08648648648648652 0.05765765765765769 0.07687687687687692 0.049249249249249276 0.06486486486486488 0.04954954954954959 0.041441441441441476 0.06396396396396402 0.034834834834834856 0.038738738738738766
0.47271241830065347 0.029575163398692768 0.04689542483660125 0.07892156862745091 0.01895424836601304 0.040849673202614324 0.022712418300653563 0.07598039215686264 0.02320261437908493 0.025980392156862712 0.03349673202614375 0.06519607843137248 0.022058823529411735 0.02483660130718949 0.018627450980392122
0.1537373737373737 0.0549494949494949 0.08343434343434339 0.025454545454545417 0.08949494949494947 0.02646464646464642 0.06303030303030298 0.05272727272727269 0.03313131313131308 0.1236363636363636 0.04404040404040399 0.03555555555555552 0.04323232323232318 0.11252525252525249 0.058585858585858575
0.03739837398373986 0.03441734417344176 0.03387533875338756 0.033062330623306255 0.07723577235772362 0.10298102981029805 0.1523035230352303 0.09837398373983741 0.045799457994579976 0.12357723577235763 0.033333333333333354 0.052303523035230386 0.09430894308943094 0.03685636856368566 0.044173441734417375
0.0596296296296296 0.041851851851851835 0.06370370370370368 0.23851851851851846 0.04296296296296297 0.04777777777777777 0.04296296296296297 0.03999999999999997 0.0474074074074074 0.03962962962962962 0.06444444444444443 0.14074074074074064 0.041111111111111105 0.04666666666666665 0.04259259259259259
0.12836879432624115 0.04160756501182035 0.031205673758865248 0.047281323877068536 0.055555555555555546 0.05460992907801418 0.06382978723404252 0.02860520094562646 0.055555555555555546 0.031442080378250595 0.11111111111111109 0.25460992907801405 0.032151300236406624 0.030496453900709222 0.03356973995271869
0.2776422764227642 0.03401084010840111 0.01788617886178863 0.04159891598915992 0.06558265582655824 0.052168021680216815 0.03834688346883471 0.044308943089430924 0.049051490514905156 0.01897018970189703 0.04336043360433607 0.10352303523035225 0.16626016260162604 0.01680216802168023 0.030487804878048797
0.11315789473684207 0.12105263157894737 0.03538011695906429 0.039473684210526334 0.08391812865497071 0.04152046783625727 0.03538011695906429 0.0792397660818713 0.05146198830409354 0.03713450292397658 0.03742690058479529 0.056432748538011654 0.08011695906432742 0.11140350877192985 0.07690058479532161
0.3123931623931625 0.032692307692307666 0.026923076923076897 0.028418803418803398 0.035256410256410214 0.049572649572649535 0.029487179487179455 0.03717948717948715 0.03846153846153842 0.02329059829059827 0.13226495726495735 0.12863247863247865 0.06004273504273497 0.02329059829059827 0.042094017094017055
0.05555555555555561 0.04362139917695476 0.10740740740740737 0.04320987654320992 0.09506172839506176 0.06008230452674901 0.10370370370370369 0.05679012345679016 0.04362139917695476 0.09341563786008232 0.07860082304526758 0.05679012345679018 0.06378600823045275 0.04156378600823049 0.05679012345679018
0.06319811875367433 0.07425044091710756 0.007877718988830103 0.01796002351557907 0.004644326866549089 0.064021164021164 0.010111699000587896 0.1920047031158142 0.027336860670193995 0.03415637860082305 0.010405643738977077 0.06566725455614347 0.1868606701940035 0.028777189888301007 0.21272780717225154
0.04559386973180072 0.05632183908045975 0.03678160919540226 0.038314176245210683 0.03754789272030648 0.04252873563218387 0.10957854406130273 0.059770114942528686 0.04559386973180071 0.042528735632183866 0.2007662835249043 0.08927203065134098 0.06896551724137927 0.03716475095785436 0.08927203065134098
0.09652777777777778 0.17256944444444444 0.04791666666666667 0.035069444444444445 0.04548611111111111 0.053125 0.052083333333333336 0.04618055555555556 0.08020833333333334 0.04027777777777778 0.05625 0.08194444444444444 0.09305555555555556 0.0375 0.06180555555555556
0.22897327707454276 0.04360056258790437 0.01983122362869198 0.057665260196905786 0.02616033755274262 0.029817158931082992 0.03389592123769341 0.28157524613220813 0.044725738396624505 0.023347398030942344 0.0406469760900141 0.058368495077355864 0.02306610407876232 0.05400843881856545 0.034317862165963456
0.0599099099099099 0.033183183183183196 0.09369369369369367 0.09804804804804805 0.02207207207207209 0.05765765765765764 0.15300300300300307 0.03993993993993997 0.060810810810810786 0.022822822822822837 0.2093093093093094 0.024774774774774792 0.04654654654654655 0.053003003003002966 0.025225225225225245
