0.08407407407407402 0.04444444444444442 0.052222222222222225 0.27259259259259266 0.04148148148148147 0.04000000000000001 0.05037037037037036 0.03888888888888888 0.03777777777777776 0.03888888888888887 0.12888888888888878 0.03925925925925924 0.04148148148148147 0.05148148148148149 0.03814814814814814
0.05858585858585862 0.05202020202020205 0.06212121212121216 0.09393939393939402 0.05101010101010102 0.06111111111111115 0.04949494949494948 0.04646464646464645 0.0494949494949495 0.05252525252525256 0.09444444444444447 0.08636363636363645 0.06010101010101016 0.11666666666666675 0.06565656565656569
0.09247685185185187 0.04583333333333335 0.22881944444444444 0.05069444444444445 0.12604166666666666 0.10949074074074064 0.062268518518518515 0.019444444444444448 0.050694444444444445 0.02314814814814815 0.07361111111111109 0.019791666666666673 0.021296296296296296 0.060995370370370366 0.015393518518518527
0.039682539682539666 0.046031746031746014 0.04047619047619044 0.04047619047619044 0.06071428571428568 0.048015873015872984 0.048412698412698366 0.04126984126984124 0.03888888888888886 0.2591269841269842 0.07658730158730151 0.06388888888888883 0.07222222222222216 0.08253968253968244 0.04166666666666665
0.028888888888888867 0.4246153846153841 0.10837606837606831 0.03589743589743587 0.053504273504273454 0.049059829059829016 0.05230769230769228 0.024957264957264934 0.028376068376068334 0.028717948717948687 0.024615384615384588 0.045128205128205104 0.03042735042735039 0.02153846153846151 0.043589743589743525
0.033809523809523775 0.2625396825396826 0.02761904761904758 0.30682539682539683 0.026031746031746 0.01984126984126981 0.020317460317460283 0.019682539682539652 0.08761904761904749 0.016984126984126956 0.03460317460317456 0.024603174603174564 0.01999999999999997 0.048888888888888864 0.050634920634920554
0.0750566893424036 0.030385487528344645 0.03764172335600904 0.0496598639455782 0.0480725623582766 0.12108843537414968 0.0632653061224489 0.028571428571428543 0.027437641723356 0.2117913832199547 0.040589569160997686 0.08798185941043084 0.07074829931972784 0.043083900226757336 0.06462585034013606
0.05153664302600472 0.1813238770685579 0.02576832151300236 0.02884160756501183 0.02955082742316785 0.043262411347517724 0.02695035460992907 0.027423167848699765 0.07517730496453898 0.02269503546099288 0.06619385342789597 0.04420803782505912 0.022458628841607528 0.047517730496453865 0.3070921985815601
0.0764444444444445 0.08222222222222228 0.047111111111111145 0.045333333333333364 0.07200000000000005 0.05777777777777782 0.05866666666666671 0.04311111111111114 0.05111111111111115 0.1217777777777778 0.04933333333333337 0.05333333333333337 0.04977777777777781 0.1457777777777777 0.046222222222222255
0.01273977560622512 0.016684762938834606 0.008505247918928703 0.47082880926529125 0.07028592110025329 0.09467969598262752 0.13322475570032566 0.013680781758957658 0.03083604777415853 0.008143322475570034 0.035685848715164684 0.020810712993123422 0.009627216793340575 0.06724574737604046 0.007021353601158163
0.06555555555555558 0.07222222222222222 0.18333333333333332 0.042777777777777734 0.06361111111111109 0.04666666666666665 0.05138888888888885 0.036388888888888846 0.036944444444444405 0.04638888888888887 0.04111111111111107 0.047222222222222214 0.04555555555555553 0.18500000000000003 0.035833333333333287
0.035353535353535324 0.13535353535353545 0.029629629629629613 0.018013468013468002 0.03787878787878785 0.05404040404040405 0.03434343434343432 0.026262626262626244 0.1414141414141415 0.2914141414141414 0.03265993265993264 0.06430976430976434 0.05656565656565656 0.02104377104377103 0.021717171717171704
0.041762452107279656 0.044444444444444405 0.06819923371647509 0.2609195402298851 0.042145593869731754 0.040996168582375425 0.04904214559386969 0.03831417624521067 0.040229885057471236 0.04367816091954019 0.07892720306513411 0.07011494252873564 0.0444444444444444 0.10000000000000002 0.03678160919540225
0.01114929362352042 0.16162657502863664 0.014356624665903012 0.5735013363879347 0.010194730813287502 0.028369606720122172 0.0390988927071401 0.00817105765559373 0.017716685757922845 0.007254677357770133 0.015005727376861393 0.0347079037800687 0.014471172203130957 0.047995418098510836 0.01638029782359678
0.027234753550543025 0.05229741019214703 0.032999164578111945 0.014536340852130333 0.08120300751879696 0.06098579782790306 0.05371762740183795 0.025898078529657476 0.07919799498746864 0.42673350041771096 0.033667502088554714 0.01562238930659984 0.04728487886382623 0.02564745196324145 0.022974101921470345
0.056272401433691714 0.14444444444444451 0.09103942652329743 0.2028673835125449 0.046594982078853014 0.05268817204301072 0.05842293906810032 0.04408602150537631 0.04229390681003581 0.05519713261648741 0.03835125448028671 0.045161290322580615 0.03870967741935481 0.045161290322580615 0.03870967741935481
0.06425631981187536 0.011405055849500304 0.016343327454438564 0.011405055849500302 0.05249853027630804 0.11399176954732511 0.105408583186361 0.012404467960023528 0.051793062904173987 0.41534391534391524 0.026631393298059965 0.023104056437389768 0.05479129923574366 0.027395649617871824 0.013227513227513232
0.20481481481481473 0.038148148148148125 0.05148148148148147 0.038888888888888876 0.08629629629629622 0.04629629629629629 0.04814814814814815 0.055925925925925914 0.03740740740740739 0.044444444444444446 0.12925925925925913 0.045185185185185175 0.04148148148148148 0.052222222222222205 0.07999999999999995
0.05132275132275125 0.06613756613756605 0.05185185185185179 0.05343915343915337 0.05238095238095229 0.055555555555555476 0.06772486772486765 0.057142857142857065 0.05132275132275125 0.06296296296296287 0.06137566137566131 0.1052910052910052 0.05079365079365073 0.15925925925925907 0.05343915343915337
0.008584035298836747 0.008423586040914564 0.00814279983955075 0.007460890493381469 0.022222222222222216 0.013196951464099493 0.1893702366626554 0.007300441235459289 0.02904131568391495 0.3718812675491376 0.02081829121540313 0.012795828319294022 0.27954271961492194 0.012194143602085847 0.00902527075812275
0.045299145299145256 0.04444444444444441 0.07222222222222215 0.0457264957264957 0.054273504273504226 0.04316239316239312 0.052564102564102516 0.18461538461538446 0.040170940170940125 0.04572649572649568 0.06623931623931616 0.054700854700854645 0.042735042735042694 0.16666666666666644 0.04145299145299141
0.027777777777777794 0.39349593495934976 0.06720867208672082 0.1516260162601625 0.07601626016260156 0.04647696476964772 0.03224932249322495 0.035907859078590815 0.01924119241192413 0.01747967479674798 0.02384823848238484 0.021951219512195138 0.022086720867208687 0.04850948509485095 0.01612466124661248
0.07387387387387388 0.27867867867867857 0.033633633633633656 0.03723723723723725 0.04144144144144147 0.06486486486486487 0.07807807807807811 0.0570570570570571 0.03903903903903906 0.039339339339339384 0.03693693693693696 0.07867867867867871 0.042942942942942965 0.05585585585585589 0.04234234234234239
0.051190476190476154 0.043650793650793634 0.038492063492063466 0.038492063492063466 0.07499999999999993 0.07539682539682532 0.06150793650793647 0.08769841269841268 0.04126984126984125 0.14642857142857146 0.044047619047619016 0.05555555555555552 0.042063492063492046 0.16071428571428573 0.03849206349206347
0.04278606965174127 0.026699834162520735 0.03781094527363183 0.024709784411276962 0.13648424543946933 0.027860696517412926 0.03731343283582087 0.3524046434494194 0.01907131011608626 0.027694859038142623 0.06898839137645103 0.022056384742951938 0.03482587064676617 0.1222222222222222 0.019071310116086256
0.0379629629629629 0.23302469135802448 0.04074074074074068 0.09629629629629623 0.06327160493827153 0.10895061728395056 0.042901234567901174 0.04629629629629623 0.03395061728395056 0.04999999999999992 0.07345679012345668 0.04197530864197525 0.03611111111111105 0.05833333333333325 0.03672839506172833
0.044444444444444474 0.04888888888888892 0.048000000000000036 0.05288888888888892 0.04311111111111114 0.048000000000000036 0.04266666666666669 0.04133333333333336 0.04133333333333336 0.044888888888888916 0.05288888888888892 0.06533333333333337 0.04266666666666669 0.34044444444444427 0.04311111111111114
0.036507936507936455 0.03142857142857136 0.030476190476190417 0.04984126984126974 0.052063492063491985 0.036190476190476134 0.03269841269841264 0.036507936507936455 0.02984126984126978 0.34761904761904716 0.05936507936507928 0.03682539682539675 0.0482539682539682 0.14349206349206334 0.028888888888888832
0.05362318840579718 0.0507246376811595 0.04927536231884068 0.05024154589371988 0.05458937198067641 0.05410628019323678 0.05024154589371988 0.05603864734299525 0.04830917874396143 0.04492753623188414 0.10676328502415468 0.05507246376811602 0.047342995169082205 0.2231884057971014 0.055555555555555636
0.02340067340067339 0.02356902356902356 0.3515151515151513 0.04612794612794611 0.027946127946127927 0.025925925925925908 0.029124579124579105 0.023063973063973047 0.057744107744107785 0.029124579124579105 0.10269360269360273 0.06868686868686873 0.02878787878787877 0.12895622895622902 0.03333333333333331
0.04061302681992333 0.04291187739463598 0.19003831417624528 0.08888888888888889 0.07662835249042146 0.078544061302682 0.050574712643678126 0.03908045977011491 0.03869731800766279 0.08735632183908044 0.05249042145593864 0.07586206896551721 0.038697318007662795 0.06283524904214555 0.03678160919540226
0.04036281179138317 0.1993197278911565 0.05782312925170065 0.10453514739229026 0.02993197278911561 0.03628117913832197 0.03197278911564624 0.02244897959183675 0.024036281179138332 0.035374149659863914 0.06371882086167799 0.03786848072562349 0.021768707482993217 0.26689342403628125 0.027664399092970523
0.4357407407407406 0.03296296296296294 0.024444444444444435 0.02537037037037037 0.08499999999999995 0.02648148148148146 0.032222222222222194 0.018888888888888886 0.019444444444444438 0.020740740740740737 0.021666666666666657 0.1537037037037037 0.033333333333333305 0.026851851851851835 0.043148148148148116
0.424444444444444 0.05111111111111104 0.04888888888888882 0.0336507936507936 0.05365079365079357 0.03619047619047613 0.05174603174603168 0.03111111111111105 0.03238095238095232 0.037460317460317395 0.03841269841269836 0.05777777777777768 0.03523809523809517 0.03523809523809517 0.03269841269841264
0.14236111111111108 0.024768518518518513 0.026388888888888892 0.02592592592592591 0.0423611111111111 0.024768518518518513 0.030555555555555555 0.38657407407407407 0.024768518518518516 0.02847222222222223 0.05509259259259261 0.028240740740740743 0.03449074074074076 0.09745370370370371 0.027777777777777787
0.04892966360856269 0.03358817533129461 0.018909276248725796 0.27456676860346585 0.1947502548419979 0.057594291539245675 0.04230377166156983 0.00866462793068297 0.11039755351681961 0.018501529051987767 0.03786952089704383 0.06753312945973494 0.01039755351681957 0.049439347604485206 0.026554536187563718
0.046960167714884725 0.0628930817610064 0.055555555555555636 0.3681341719077568 0.024737945492662478 0.02704402515723273 0.0337526205450734 0.024528301886792468 0.033333333333333375 0.027463312368972776 0.03584905660377363 0.06771488469601683 0.06310272536687639 0.07484276729559758 0.05408805031446546
0.06753472222222222 0.024652777777777777 0.021701388888888888 0.018229166666666668 0.08315972222222222 0.042708333333333334 0.09878472222222222 0.02673611111111111 0.02378472222222222 0.3506944444444444 0.03350694444444444 0.07413194444444444 0.021180555555555557 0.08715277777777777 0.026041666666666668
0.027331711273317114 0.4281427412814273 0.018815896188158966 0.24026763990267644 0.034874290348742905 0.009002433090024338 0.014274128142741286 0.00709651257096513 0.08475263584752636 0.013017031630170327 0.023033252230332535 0.01690997566909976 0.008394160583941606 0.06196269261962693 0.012124898621248993
0.08245614035087714 0.027631578947368413 0.03421052631578944 0.36491228070175424 0.03581871345029237 0.08333333333333333 0.027631578947368403 0.02163742690058479 0.05511695906432745 0.03654970760233917 0.043274853801169556 0.05628654970760235 0.027339181286549684 0.070906432748538 0.03289473684210525
0.03888888888888893 0.03838383838383844 0.03585858585858588 0.02575757575757577 0.06944444444444445 0.07777777777777782 0.058333333333333355 0.06994949494949497 0.028535353535353566 0.384848484848485 0.032575757575757605 0.03661616161616166 0.03409090909090912 0.03838383838383843 0.03055555555555559
0.09311594202898549 0.050241545893719784 0.27053140096618356 0.023671497584541085 0.10652173913043475 0.034178743961352655 0.08393719806763283 0.01570048309178746 0.043719806763285025 0.0323671497584541 0.03864734299516909 0.07801932367149757 0.03393719806763284 0.07173913043478261 0.023671497584541075
0.04099616858237545 0.0490421455938697 0.0708812260536398 0.23716475095785453 0.04636015325670495 0.04329501915708809 0.039463601532567 0.05134099616858234 0.03601532567049804 0.04329501915708808 0.10689655172413813 0.03793103448275858 0.036398467432950166 0.12452107279693497 0.03639846743295015
0.0430555555555555 0.04953703703703701 0.05231481481481484 0.04259259259259253 0.045833333333333295 0.04490740740740734 0.051388888888888866 0.04212962962962957 0.049537037037037025 0.3523148148148148 0.045370370370370325 0.04490740740740737 0.045833333333333295 0.04768518518518518 0.04259259259259253
0.01889927310488055 0.07632398753894078 0.22616822429906536 0.057217030114226325 0.15815160955347868 0.04247144340602279 0.025960539979231537 0.021599169262720624 0.09771547248182756 0.03115264797507784 0.01640706126687433 0.04080996884735199 0.023260643821391463 0.14787123572170294 0.015991692627206622
0.06333333333333324 0.08111111111111101 0.05777777777777769 0.04999999999999991 0.05333333333333324 0.05444444444444436 0.05277777777777769 0.04999999999999991 0.04999999999999991 0.11833333333333333 0.10444444444444435 0.05111111111111103 0.06333333333333324 0.05333333333333324 0.09666666666666654
0.05308641975308648 0.04567901234567904 0.09053497942386832 0.0415637860082305 0.03950617283950623 0.0460905349794239 0.042798353909465084 0.04032921810699592 0.08353909465020584 0.04403292181069964 0.055967078189300475 0.1662551440329218 0.07489711934156383 0.11646090534979417 0.05925925925925928
0.04066193853427894 0.03404255319148937 0.02931442080378251 0.043262411347517744 0.18652482269503554 0.07115839243498817 0.0780141843971631 0.03120567375886526 0.026004728132387696 0.02340425531914891 0.08345153664302599 0.032624113475177324 0.029078014184397146 0.26643026004728126 0.02482269503546096
0.010292022792022786 0.004558404558404553 0.011342592592592586 0.0031339031339031303 0.18263888888888896 0.017752849002848993 0.04570868945868944 0.012642450142450133 0.11330128205128201 0.1450498575498575 0.04795227920227919 0.01141381766381766 0.38776709401709425 0.003579059829059825 0.002866809116809114
0.04329501915708814 0.02164750957854403 0.03582375478927202 0.02701149425287353 0.02701149425287354 0.12260536398467438 0.07298850574712645 0.03141762452107276 0.06551724137931039 0.24003831417624524 0.12777777777777782 0.031034482758620655 0.02701149425287354 0.10478927203065139 0.022030651340996153
0.07222222222222216 0.09012345679012343 0.04629629629629623 0.03456790123456785 0.06728395061728387 0.046913580246913535 0.03950617283950611 0.07006172839506164 0.036728395061728335 0.030246913580246854 0.050925925925925854 0.10185185185185186 0.037037037037036986 0.2259259259259258 0.050308641975308585
0.030555555555555516 0.040833333333333284 0.029444444444444398 0.03611111111111106 0.03583333333333329 0.0380555555555555 0.038333333333333296 0.3566666666666667 0.09083333333333338 0.06194444444444445 0.058888888888888866 0.0736111111111111 0.03222222222222218 0.04749999999999997 0.029166666666666622
0.0330409356725146 0.037134502923976596 0.030409356725146188 0.03187134502923975 0.03830409356725144 0.047660818713450286 0.030409356725146205 0.03391812865497075 0.031871345029239745 0.34883040935672505 0.18304093567251464 0.03888888888888886 0.04093567251461985 0.04298245614035085 0.0307017543859649
0.018480725623582748 0.025170068027210855 0.015419501133786833 0.01848072562358275 0.061337868480725595 0.027437641723355992 0.04580498866213151 0.39081632653061227 0.2348072562358276 0.019274376417233542 0.018820861678004525 0.01621315192743763 0.019841269841269823 0.07414965986394557 0.013945578231292506
0.05321637426900586 0.05321637426900584 0.06315789473684208 0.052631578947368425 0.07017543859649125 0.05497076023391812 0.054970760233918115 0.05321637426900585 0.052631578947368425 0.054970760233918115 0.05614035087719297 0.05321637426900586 0.053801169590643266 0.05614035087719297 0.21754385964912287
0.028794992175273842 0.018622848200312972 0.046791862284820004 0.3794992175273866 0.1162754303599374 0.02269170579029732 0.021126760563380264 0.018153364632237858 0.07480438184663535 0.017370892018779324 0.02472613458528949 0.02112676056338026 0.021439749608763672 0.17136150234741782 0.01721439749608762
0.042701525054466206 0.025054466230936795 0.03028322440087144 0.029629629629629603 0.033769063180827855 0.04618736383442262 0.06557734204793021 0.031154684095860533 0.026797385620915007 0.32854030501089276 0.03834422657952066 0.037908496732026106 0.17145969498910654 0.027233115468409563 0.06535947712418293
0.07222222222222226 0.12500000000000003 0.04629629629629627 0.04629629629629626 0.042129629629629566 0.047222222222222214 0.054629629629629625 0.04212962962962958 0.045370370370370325 0.053240740740740734 0.08657407407407408 0.058333333333333265 0.06296296296296298 0.10787037037037038 0.10972222222222222
0.12186379928315413 0.04874551971326162 0.046594982078853014 0.03476702508960571 0.05161290322580642 0.045161290322580615 0.05304659498207882 0.1734767025089607 0.03978494623655911 0.06057347670250891 0.08530465949820783 0.057347670250896016 0.04014336917562721 0.09820788530465945 0.04336917562724011
0.02378716744913926 0.3774647887323943 0.029577464788732365 0.02942097026604066 0.10923317683881069 0.02519561815336461 0.02410015649452267 0.021596244131455382 0.1309859154929578 0.020657276995305146 0.06447574334898279 0.038654147104851294 0.022065727699530493 0.06009389671361502 0.02269170579029732
0.03228228228228229 0.2769519519519518 0.017342342342342363 0.3690690690690691 0.025750750750750756 0.019369369369369383 0.020345345345345347 0.02342342342342342 0.028153153153153133 0.010360360360360367 0.02102102102102103 0.026201201201201205 0.015465465465465473 0.10337837837837842 0.010885885885885889
0.03414634146341466 0.04498644986449867 0.02981029810298105 0.03848238482384827 0.09159891598915994 0.05691056910569109 0.11517615176151759 0.02872628726287265 0.033333333333333354 0.028455284552845548 0.0650406504065041 0.07750677506775072 0.03170731707317075 0.034688346883468855 0.289430894308943
0.04355555555555558 0.07911111111111116 0.0466666666666667 0.04044444444444447 0.05777777777777782 0.05022222222222226 0.044888888888888916 0.13599999999999998 0.0626666666666667 0.06888888888888894 0.13555555555555554 0.046222222222222255 0.0595555555555556 0.0795555555555556 0.04888888888888892
0.03164983164983163 0.038047138047138024 0.036026936026936 0.2649831649831651 0.036363636363636334 0.036363636363636334 0.03501683501683499 0.03400673400673398 0.03367003367003364 0.03939393939393936 0.04040404040404038 0.06700336700336697 0.03265993265993264 0.24107744107744122 0.03333333333333331
0.11231231231231224 0.03513513513513516 0.08498498498498494 0.03393393393393395 0.07117117117117118 0.044144144144144165 0.038138138138138176 0.041441441441441476 0.03003003003003003 0.03363363363363366 0.037837837837837854 0.03423423423423425 0.03363363363363366 0.12312312312312312 0.24624624624624625
0.04444444444444441 0.0432950191570881 0.0444444444444444 0.041379310344827544 0.08965517241379314 0.045977011494252824 0.05019157088122601 0.26130268199233736 0.042528735632183845 0.05134099616858233 0.05249042145593863 0.04789272030651336 0.04406130268199229 0.09348659003831422 0.04750957854406126
0.0204954954954955 0.01463963963963965 0.03288288288288288 0.011186186186186189 0.10225225225225218 0.031531531531531536 0.044144144144144117 0.01201201201201202 0.03040540540540539 0.23408408408408404 0.01674174174174175 0.013588588588588595 0.4117117117117119 0.01478978978978979 0.009534534534534539
0.041666666666666644 0.04484126984126983 0.07301587301587295 0.048412698412698386 0.06428571428571422 0.11547619047619047 0.09246031746031744 0.05238095238095236 0.04047619047619044 0.039682539682539666 0.04285714285714284 0.12698412698412703 0.038888888888888855 0.13571428571428568 0.04285714285714283
0.044074074074074064 0.03592592592592591 0.04333333333333332 0.04111111111111109 0.07074074074074073 0.05740740740740743 0.04148148148148146 0.32111111111111107 0.039629629629629605 0.037037037037037014 0.049629629629629614 0.04037037037037038 0.05259259259259255 0.0796296296296296 0.04592592592592592
0.0451019066403682 0.12774490466798155 0.5718606180144641 0.024917817225509533 0.041946088099934255 0.01518737672583827 0.03214990138067062 0.012491781722550955 0.026035502958579863 0.008415516107823798 0.019263642340565428 0.026101249178172248 0.01525312294543064 0.01959237343852729 0.013938198553583171
0.04551971326164871 0.06415770609318992 0.04695340501792111 0.03297491039426521 0.04050179211469531 0.05376344086021501 0.03942652329749101 0.04086021505376341 0.03405017921146951 0.17885304659498216 0.04050179211469531 0.05412186379928314 0.07060931899641573 0.14193548387096777 0.11577060931899644
0.020301783264746243 0.019958847736625523 0.061042524005486966 0.3169410150891632 0.1725651577503429 0.029561042524005505 0.1355281207133059 0.013786008230452687 0.089917695473251 0.010562414266117981 0.01995884773662553 0.03347050754458163 0.01632373113854596 0.040809327846364894 0.0192729766803841
0.07777777777777767 0.0577777777777777 0.05166666666666658 0.050555555555555465 0.07333333333333322 0.059999999999999894 0.058888888888888796 0.05277777777777769 0.05444444444444436 0.05111111111111102 0.11999999999999997 0.061666666666666564 0.05444444444444436 0.054999999999999924 0.1205555555555555
0.035973597359735994 0.024532453245324545 0.03212321232123214 0.6495049504950496 0.02299229922992301 0.025522552255225536 0.04235423542354238 0.033663366336633686 0.014961496149614973 0.017601760176017615 0.020792079207920804 0.018701870187018712 0.017161716171617172 0.02915291529152917 0.014961496149614973
0.037229437229437216 0.06666666666666661 0.03852813852813851 0.03607503607503604 0.08282828282828279 0.04458874458874455 0.1085137085137085 0.18975468975468973 0.13174603174603172 0.020923520923520896 0.027417027417027395 0.04285714285714285 0.05974025974025972 0.08181818181818179 0.03131313131313129
0.0582417582417582 0.02075702075702074 0.019658119658119644 0.03272283272283272 0.105128205128205 0.09047619047619047 0.08693528693528686 0.021001221001220986 0.019902319902319887 0.3783882783882778 0.022222222222222206 0.05347985347985345 0.03870573870573868 0.033333333333333326 0.019047619047619035
0.04296296296296297 0.04925925925925923 0.04333333333333334 0.03925925925925926 0.047407407407407384 0.05185185185185184 0.04481481481481482 0.158148148148148 0.04222222222222224 0.03703703703703703 0.04888888888888887 0.07851851851851846 0.04407407407407406 0.22629629629629627 0.04592592592592592
0.40731707317073146 0.03712737127371276 0.03658536585365856 0.027642276422764248 0.0644986449864499 0.039295392953929566 0.039566395663956665 0.04959349593495938 0.029539295392953947 0.04173441734417347 0.03685636856368567 0.04607046070460707 0.030623306233062354 0.03848238482384826 0.07506775067750682
0.03942652329749101 0.03476702508960571 0.15591397849462368 0.03691756272401431 0.27311827956989265 0.050896057347670214 0.04731182795698922 0.04408602150537631 0.03620071684587811 0.03835125448028671 0.049462365591397814 0.03620071684587811 0.035842293906810006 0.08745519713261642 0.03405017921146951
0.05663082437275982 0.06129032258064512 0.09175627240143365 0.13763440860215057 0.04480286738351252 0.050896057347670214 0.06487455197132613 0.057706093189964114 0.04050179211469531 0.05842293906810032 0.04551971326164871 0.05663082437275982 0.08566308243727593 0.10322580645161288 0.04444444444444441
0.032716049382715995 0.030864197530864144 0.03641975308641969 0.02870370370370365 0.04876543209876537 0.029629629629629575 0.029629629629629575 0.03487654320987648 0.028395061728395007 0.49135802469135786 0.05462962962962954 0.029629629629629575 0.06419753086419745 0.031481481481481416 0.028703703703703645
0.053846153846153794 0.04700854700854696 0.041595441595441554 0.16495726495726476 0.049002849002848965 0.07806267806267803 0.05698005698005692 0.04216524216524213 0.033048433048433 0.0347578347578347 0.04472934472934467 0.04188034188034181 0.03817663817663813 0.2404558404558402 0.03333333333333329
0.018860877684407085 0.2381886087768437 0.017460317460317454 0.016526610644257693 0.1490196078431371 0.027544351073762824 0.01830065359477124 0.21391223155929012 0.011484593837535013 0.023062558356675995 0.10280112044817914 0.030718954248365973 0.012791783380018674 0.10896358543417353 0.010364145658263305
0.04641975308641975 0.023868312757201637 0.5053497942386832 0.02106995884773661 0.08460905349794241 0.036790123456790114 0.05687242798353911 0.01333333333333333 0.013580246913580245 0.016049382716049367 0.05242798353909465 0.020987654320987644 0.01580246913580246 0.06699588477366254 0.025843621399176932
0.021156773211567757 0.027549467275494698 0.02511415525114159 0.03181126331811266 0.029832572298325744 0.034246575342465786 0.06407914764079144 0.30958904109589036 0.05814307458143072 0.020243531202435345 0.09726027397260276 0.07260273972602742 0.026788432267884348 0.16286149162861496 0.01872146118721464
0.033033033033033045 0.046546546546546566 0.031831831831831844 0.030630630630630633 0.06576576576576579 0.10960960960960962 0.07657657657657654 0.2882882882882883 0.031231231231231248 0.04234234234234235 0.07897897897897897 0.041741741741741764 0.04024024024024026 0.0534534534534535 0.02972972972972974
0.056973995271867604 0.09007092198581557 0.11678486997635935 0.14326241134751772 0.05082742316784869 0.037352245862884166 0.0659574468085106 0.03380614657210401 0.0796690307328605 0.03238770685579196 0.028841607565011813 0.09692671394799053 0.030023640661938546 0.06926713947990544 0.06784869976359338
0.05120772946859911 0.09565217391304356 0.07681159420289865 0.15507246376811595 0.06570048309178755 0.048792270531401054 0.05990338164251219 0.04589371980676337 0.049758454106280284 0.058937198067632916 0.07004830917874405 0.055555555555555636 0.047342995169082205 0.07004830917874406 0.04927536231884065
0.030787037037037054 0.03217592592592594 0.05532407407407407 0.03449074074074076 0.10787037037037034 0.07986111111111108 0.09791666666666668 0.15115740740740743 0.026851851851851842 0.03958333333333336 0.07708333333333334 0.055555555555555566 0.034259259259259274 0.1365740740740741 0.04050925925925925
0.027555555555555576 0.02844444444444446 0.044888888888888916 0.027333333333333352 0.046888888888888904 0.06488888888888887 0.05088888888888888 0.022222222222222237 0.024888888888888905 0.43311111111111134 0.08199999999999998 0.028222222222222242 0.05066666666666667 0.04044444444444447 0.027555555555555576
0.39422222222222225 0.04355555555555558 0.02933333333333335 0.026666666666666686 0.049555555555555554 0.11311111111111102 0.05044444444444447 0.034222222222222244 0.028666666666666688 0.022888888888888903 0.03133333333333335 0.09244444444444438 0.02622222222222224 0.02888888888888891 0.028444444444444463
0.04122222222222219 0.04411111111111108 0.035222222222222224 0.01700000000000001 0.06522222222222217 0.05011111111111108 0.06333333333333328 0.5238888888888888 0.01777777777777779 0.02511111111111111 0.020333333333333346 0.03422222222222222 0.021444444444444457 0.0208888888888889 0.020111111111111125
0.06984126984126973 0.0693121693121692 0.05502645502645495 0.04814814814814808 0.065079365079365 0.04814814814814808 0.04920634920634913 0.05079365079365071 0.048677248677248604 0.04761904761904755 0.10582010582010576 0.06349206349206339 0.05238095238095229 0.15396825396825375 0.07248677248677239
0.04185185185185187 0.14518518518518506 0.04666666666666669 0.041851851851851855 0.08962962962962963 0.04481481481481477 0.04407407407407408 0.034814814814814805 0.03407407407407407 0.15851851851851834 0.06074074074074069 0.06666666666666662 0.05037037037037036 0.06481481481481476 0.07592592592592588
0.04298245614035087 0.16842105263157883 0.037426900584795315 0.18128654970760227 0.05233918128654968 0.046198830409356705 0.029824561403508767 0.03216374269005848 0.0868421052631578 0.054093567251461944 0.13625730994152038 0.03187134502923973 0.029239766081871326 0.04093567251461986 0.030116959064327497
0.4769119769119766 0.025829725829725803 0.02395382395382395 0.017748917748917726 0.0991341991341991 0.026551226551226534 0.028282828282828267 0.018903318903318873 0.06695526695526688 0.017316017316017288 0.0748917748917748 0.056854256854256824 0.020779220779220755 0.029725829725829704 0.01616161616161614
0.02184343434343437 0.23510101010101006 0.0585858585858586 0.2704545454545454 0.07234848484848483 0.035479797979797986 0.031439393939393954 0.02146464646464649 0.05265151515151516 0.035858585858585874 0.042550505050505054 0.020707070707070733 0.021212121212121234 0.06439393939393938 0.01590909090909093
0.05866666666666671 0.09333333333333338 0.04355555555555558 0.045777777777777806 0.05333333333333337 0.04933333333333337 0.05511111111111115 0.0506666666666667 0.044888888888888916 0.060000000000000046 0.17822222222222217 0.07422222222222227 0.045333333333333364 0.09600000000000004 0.051555555555555584
0.05117845117845114 0.10101010101010102 0.07340067340067336 0.034343434343434315 0.04040404040404037 0.04882154882154879 0.09865319865319866 0.11077441077441079 0.035353535353535324 0.037373737373737344 0.08653198653198647 0.0397306397306397 0.044107744107744075 0.16329966329966344 0.03501683501683499
0.03318112633181129 0.03348554033485542 0.025266362252663644 0.030441400304414036 0.022222222222222233 0.03942161339421618 0.041552511415525135 0.4642313546423138 0.025722983257229878 0.027245053272450567 0.08949771689497717 0.04901065449010656 0.027853881278538842 0.06575342465753427 0.02511415525114158
0.039517819706499 0.03668763102725371 0.031341719077568164 0.4585953878406711 0.04035639412997908 0.0437106918238994 0.06079664570230611 0.0177148846960168 0.08878406708595392 0.020020964360587024 0.022536687631027286 0.03825995807127887 0.02400419287211743 0.06268343815513629 0.014989517819706526
0.018903318903318877 0.016738816738816706 0.015151515151515131 0.015584415584415562 0.028282828282828267 0.03520923520923518 0.028427128427128395 0.5849927849927852 0.08903318903318898 0.021789321789321754 0.04458874458874455 0.016738816738816713 0.022222222222222192 0.04531024531024529 0.017027417027417002
0.06825396825396818 0.023809523809523822 0.06054421768707475 0.2469387755102041 0.06371882086167799 0.03673469387755098 0.0405895691609977 0.030612244897959166 0.07891156462585038 0.029478458049886604 0.03333333333333331 0.04671201814058957 0.03628117913832195 0.17664399092970526 0.027437641723356013
0.026570048309178782 0.16352657004830923 0.02681159420289859 0.4485507246376814 0.0371980676328503 0.04009661835748797 0.03236714975845414 0.02415458937198071 0.025120772946859944 0.02681159420289859 0.026328502415458976 0.042753623188405844 0.024154589371980725 0.03164251207729473 0.023913043478260912
0.025044091710758363 0.01419753086419751 0.01975308641975307 0.013227513227513213 0.015784832451499097 0.01922398589065253 0.018342151675484992 0.5708112874779543 0.09417989417989404 0.01410934744268076 0.1106701940035272 0.04294532627865956 0.012081128747795397 0.015696649029982343 0.013932980599647251
0.0551724137931034 0.08199233716475096 0.04942528735632179 0.03486590038314172 0.042911877394635964 0.03869731800766279 0.05019157088122605 0.03831417624521069 0.03639846743295016 0.03601532567049804 0.048659003831417566 0.13524904214559394 0.034865900383141725 0.07356321839080458 0.24367816091954037
0.058333333333333334 0.03611111111111111 0.06180555555555556 0.034027777777777775 0.12256944444444444 0.06944444444444445 0.07222222222222222 0.18715277777777778 0.0375 0.042708333333333334 0.04791666666666667 0.06736111111111111 0.04201388888888889 0.08576388888888889 0.035069444444444445
0.05717476270240091 0.008877721943048585 0.027694025683975436 0.008319374651032952 0.0876605248464545 0.01870463428252373 0.027191513121161363 0.4581239530988274 0.1084868788386376 0.013958682300390844 0.058570630932439985 0.050307091010608596 0.02322724734785035 0.03953098827470687 0.01217197096594082
0.023913043478260912 0.03864734299516913 0.0340579710144928 0.022705314009661876 0.04685990338164255 0.029951690821256084 0.030917874396135313 0.332850241545894 0.07342995169082121 0.03260869565217395 0.10000000000000003 0.03695652173913048 0.027053140096618397 0.142512077294686 0.027536231884058023
0.02213333333333335 0.01022222222222223 0.014666666666666677 0.5880888888888889 0.03288888888888891 0.01973333333333335 0.016622222222222233 0.010666666666666675 0.009955555555555563 0.010666666666666673 0.03235555555555558 0.03715555555555558 0.015466666666666677 0.1697777777777777 0.009600000000000008
0.05824915824915821 0.04276094276094273 0.03973063973063971 0.09764309764309763 0.049831649831649796 0.04040404040404037 0.04680134680134677 0.043771043771043745 0.03367003367003364 0.03468013468013465 0.0912457912457912 0.045117845117845085 0.04040404040404037 0.15589225589225597 0.17979797979797985
0.041176470588235224 0.035947712418300574 0.038235294117646985 0.03202614379084961 0.05032679738562085 0.06568627450980384 0.04477124183006528 0.3934640522875816 0.04183006535947706 0.04019607843137247 0.048039215686274436 0.03856209150326791 0.04248366013071889 0.05065359477124175 0.036601307189542416
0.030000000000000006 0.05166666666666665 0.05291666666666667 0.2255555555555556 0.03277777777777779 0.02625 0.027083333333333338 0.019444444444444424 0.019166666666666644 0.016666666666666642 0.02902777777777776 0.11833333333333333 0.058194444444444465 0.27777777777777773 0.015138888888888865
0.06155202821869481 0.02451499118165781 0.28201058201058166 0.025749559082892386 0.22962962962962932 0.04074074074074068 0.037389770723104 0.023985890652557282 0.022045855379188687 0.03245149911816575 0.03686067019400348 0.04779541446208109 0.02504409171075835 0.08730158730158724 0.02292768959435623
0.0647249190938512 0.046278317152103565 0.015965480043149943 0.012513484358144549 0.03570658036677453 0.03527508090614886 0.030420711974110025 0.5171521035598706 0.11672060409924499 0.024811218985976262 0.01682847896440129 0.01974110032362459 0.027292340884573888 0.019201725997842495 0.017367853290183383
0.012102653834937301 0.010265383493729952 0.006124234470691164 0.004782735491396912 0.03942840478273549 0.058005249343831985 0.06284631087780691 0.00641586468358122 0.005074365704286969 0.33438320209973754 0.010236220472440945 0.019801691455234756 0.4170603674540683 0.0076407115777194536 0.005832604257801109
0.05698005698005692 0.040455840455840414 0.03561253561253556 0.11424501424501407 0.03960113960113955 0.03418803418803414 0.033333333333333284 0.02763532763532759 0.027920227920227875 0.027350427350427302 0.2603988603988601 0.05868945868945862 0.034472934472934424 0.036182336182336135 0.1729344729344727
0.03055555555555553 0.33756613756613757 0.03862433862433858 0.16190476190476188 0.12341269841269842 0.030687830687830677 0.02883597883597881 0.023148148148148136 0.07605820105820096 0.020105820105820075 0.0374338624338624 0.02698412698412695 0.03015873015873013 0.019708994708994686 0.014814814814814795
0.05240740740740737 0.042777777777777755 0.03703703703703702 0.027777777777777762 0.03629629629629629 0.043148148148148116 0.053518518518518486 0.04611111111111109 0.01907407407407407 0.31296296296296294 0.08740740740740735 0.06203703703703697 0.10962962962962963 0.040370370370370376 0.029444444444444447
0.05511111111111115 0.20844444444444435 0.04844444444444448 0.04222222222222225 0.04222222222222225 0.04311111111111114 0.04266666666666669 0.04133333333333336 0.0417777777777778 0.12133333333333331 0.1306666666666666 0.04844444444444448 0.04355555555555558 0.04400000000000003 0.0466666666666667
0.033618233618233566 0.02877492877492873 0.28803418803418773 0.033618233618233566 0.0626780626780626 0.036182336182336135 0.029629629629629582 0.040455840455840414 0.08005698005697996 0.03447293447293442 0.06581196581196572 0.05213675213675207 0.032193732193732144 0.15042735042735025 0.03190883190883185
0.05675675675675678 0.04414414414414418 0.03093093093093095 0.04804804804804808 0.041441441441441455 0.052252252252252274 0.039639639639639686 0.02882882882882884 0.034534534534534554 0.3801801801801803 0.04714714714714718 0.05315315315315318 0.061861861861861885 0.04174174174174176 0.03933933933933937
0.3733333333333333 0.05629629629629628 0.043703703703703724 0.03481481481481481 0.03851851851851851 0.0511111111111111 0.04259259259259259 0.05296296296296296 0.03703703703703703 0.04185185185185185 0.04555555555555555 0.06518518518518515 0.03814814814814813 0.038518518518518494 0.04037037037037038
0.02139359698681732 0.06888888888888887 0.0095668549905838 0.5633521657250468 0.016497175141242923 0.04406779661016949 0.060753295668549895 0.03954802259887006 0.09058380414312617 0.011487758945386055 0.014877589453860633 0.017890772128060253 0.012580037664783415 0.01145009416195856 0.01706214689265536
0.0323232323232323 0.02308802308802306 0.3467532467532468 0.054256854256854246 0.07518037518037518 0.030014430014429987 0.03939393939393938 0.030735930735930714 0.024098124098124066 0.015728715728715707 0.07186147186147183 0.04963924963924964 0.02669552669552666 0.16262626262626248 0.017604617604617588
0.02200716845878136 0.06480286738351256 0.02939068100358423 0.31168458781362013 0.054121863799283146 0.14903225806451617 0.07605734767025091 0.016057347670250893 0.05469534050179211 0.010394265232974919 0.02494623655913978 0.05283154121863801 0.013620071684587816 0.09383512544802866 0.02652329749103942
0.06196581196581193 0.09444444444444434 0.07350427350427345 0.04444444444444441 0.05085470085470081 0.05256410256410252 0.0829059829059828 0.051709401709401664 0.04914529914529909 0.04615384615384615 0.0918803418803418 0.04914529914529911 0.04829059829059826 0.1589743589743588 0.044017094017093986
0.03999999999999995 0.04938271604938267 0.3064197530864194 0.05407407407407403 0.03876543209876539 0.039999999999999966 0.09456790123456787 0.027160493827160452 0.041975308641975274 0.03604938271604934 0.08123456790123451 0.07975308641975301 0.031604938271604904 0.04913580246913578 0.02987654320987652
0.05617283950617273 0.06358024691358014 0.08703703703703691 0.11296296296296279 0.07839506172839492 0.05802469135802457 0.05740740740740729 0.05555555555555545 0.05617283950617273 0.07530864197530851 0.05617283950617273 0.05617283950617273 0.062345679012345556 0.0685185185185184 0.05617283950617273
0.038492063492063466 0.038492063492063466 0.03730158730158728 0.050396825396825384 0.05198412698412698 0.03809523809523807 0.039285714285714264 0.044444444444444425 0.03730158730158728 0.36785714285714277 0.03769841269841267 0.03730158730158728 0.07460317460317453 0.07063492063492058 0.036111111111111094
0.024263038548752804 0.04739229024943311 0.01791383219954647 0.030612244897959176 0.030498866213151912 0.0341269841269841 0.04331065759637187 0.053401360544217694 0.020975056689342388 0.3037414965986395 0.07823129251700683 0.037414965986394544 0.21541950113378683 0.02244897959183672 0.04024943310657595
