0.05119047619047615 0.05912698412698406 0.043650793650793614 0.048015873015872984 0.053174603174603166 0.07857142857142851 0.05357142857142855 0.04007936507936506 0.06904761904761898 0.10158730158730159 0.05039682539682536 0.03928571428571426 0.1738095238095237 0.08412698412698412 0.05436507936507936
0.08161616161616157 0.032121212121212064 0.083030303030303 0.04626262626262623 0.05393939393939391 0.036363636363636306 0.07070707070707072 0.08909090909090908 0.06121212121212116 0.061414141414141414 0.08585858585858584 0.12767676767676767 0.05454545454545455 0.05292929292929289 0.06323232323232318
0.07407407407407411 0.04855967078189305 0.051440329218107046 0.04567901234567907 0.049794238683127615 0.05514403292181075 0.061316872427983546 0.24609053497942388 0.0798353909465021 0.04567901234567907 0.04238683127572022 0.05308641975308646 0.04403292181069963 0.057613168724279885 0.045267489711934186
0.025341130604288522 0.06159844054580899 0.09590643274853805 0.028460038986354803 0.026120857699805104 0.043079922027290496 0.035282651072124784 0.048148148148148176 0.04346978557504874 0.06393762183235867 0.0916179337231969 0.029434697855750525 0.30721247563352805 0.04249512670565304 0.05789473684210526
0.020930232558139555 0.03410852713178297 0.031610680447889776 0.0410852713178295 0.14013781223083563 0.04099913867355732 0.15564168819982793 0.02713178294573645 0.05219638242894062 0.030921619293712347 0.01722652885443585 0.07260981912144711 0.019724375538329043 0.16993970714900963 0.14573643410852732
0.11194605009633914 0.018625561978163188 0.018946692357097006 0.07443802183686575 0.24258188824662813 0.0452151573538857 0.1070006422607579 0.024020552344251773 0.04315992292870908 0.009955041746949276 0.13211303789338477 0.053949903660886346 0.016698779704560067 0.08477842003853565 0.01657032755298653
0.04367816091954015 0.04061302681992333 0.04559386973180072 0.03831417624521067 0.03524904214559383 0.03831417624521069 0.0444444444444444 0.03524904214559383 0.05670498084291186 0.1793103448275863 0.07777777777777772 0.04061302681992332 0.08620689655172412 0.03678160919540226 0.20114942528735638
0.05584045584045578 0.02668566001899333 0.030769230769230743 0.0444444444444444 0.03371320037986702 0.19287749287749262 0.12260208926875582 0.02886989553656218 0.05232668566001895 0.06685660018993346 0.14767331433998082 0.06229819563152892 0.023171889838556482 0.08309591642924977 0.028774928774928762
0.022376543209876514 0.06080246913580245 0.03765432098765428 0.041358024691358 0.0655864197530864 0.08935185185185189 0.1404320987654321 0.0853395061728395 0.057561728395061726 0.02160493827160491 0.01805555555555553 0.23672839506172821 0.023919753086419727 0.08148148148148146 0.01774691358024688
0.0265892758430072 0.07114427860696518 0.02542841348811499 0.11376451077943615 0.12332780541735766 0.027805417357656164 0.14173576561636267 0.04057490326147044 0.07429519071310124 0.03239358761746822 0.06815920398009952 0.03681592039800996 0.02321724709784411 0.18308457711442797 0.011663902708678823
0.03784722222222222 0.03576388888888889 0.05381944444444445 0.04895833333333333 0.050347222222222224 0.07118055555555555 0.053125 0.3267361111111111 0.03923611111111111 0.05243055555555556 0.033680555555555554 0.04722222222222222 0.060069444444444446 0.05416666666666667 0.035416666666666666
0.1673015873015871 0.02825396825396821 0.05523809523809517 0.03619047619047615 0.044285714285714234 0.09111111111111106 0.12523809523809518 0.06968253968253962 0.09428571428571413 0.04650793650793646 0.07952380952380941 0.036666666666666625 0.0325396825396825 0.0647619047619047 0.028412698412698376
0.009067688378033205 0.022945934440187315 0.08710089399744572 0.015197956577266929 0.05436355896126009 0.02200936568752662 0.2246487867177523 0.03865474670072372 0.012430821626223927 0.013580246913580254 0.04206045125585352 0.022903363133248193 0.017752234993614308 0.013154533844189012 0.4041294167730951
0.0647342995169083 0.06376811594202908 0.058454106280193326 0.04782608695652183 0.045893719806763364 0.07826086956521747 0.048792270531401054 0.1352657004830918 0.07294685990338172 0.10821256038647349 0.0507246376811595 0.058937198067632944 0.058937198067632944 0.057487922705314096 0.049758454106280284
0.028600823045267513 0.0759259259259259 0.025308641975308667 0.043415637860082325 0.03209876543209878 0.028600823045267513 0.04156378600823047 0.3240740740740739 0.06399176954732509 0.06378600823045265 0.07016460905349789 0.023045267489711967 0.08580246913580244 0.03683127572016465 0.05679012345679002
0.04675925925925924 0.04398148148148143 0.1212962962962963 0.04629629629629625 0.056018518518518495 0.05648148148148145 0.05648148148148148 0.08379629629629631 0.07222222222222223 0.0430555555555555 0.044444444444444384 0.07453703703703704 0.0976851851851852 0.0513888888888889 0.10555555555555536
0.04114114114114117 0.1882882882882883 0.06756756756756759 0.040240240240240276 0.052852852852852905 0.04264264264264265 0.04324324324324327 0.05465465465465469 0.10810810810810799 0.09549549549549548 0.037837837837837854 0.039339339339339384 0.03513513513513516 0.12252252252252249 0.030930930930930946
0.05797101449275369 0.10772946859903387 0.06231884057971023 0.050724637681159486 0.04975845410628028 0.06521739130434792 0.0830917874396136 0.05507246376811604 0.0642512077294687 0.1033816425120774 0.04879227053140105 0.06714975845410638 0.04879227053140103 0.08647342995169084 0.04927536231884066
0.058547008547008506 0.05811965811965807 0.049572649572649535 0.04743589743589739 0.050854700854700834 0.04700854700854698 0.057692307692307626 0.1384615384615383 0.058547008547008464 0.05299145299145296 0.047008547008546966 0.0538461538461538 0.12863247863247848 0.07564102564102554 0.07564102564102555
0.06696100073583516 0.011920529801324508 0.015967623252391466 0.012729948491537904 0.09764532744665198 0.045401030169242074 0.12575423105224434 0.08027961736571008 0.014128035320088316 0.010448859455481975 0.028403237674760856 0.08712288447387787 0.015967623252391476 0.026048565121412775 0.3612214863870492
0.037188208616780016 0.027437641723355978 0.03378684807256233 0.09591836734693873 0.06235827664399089 0.05782312925170064 0.04308390022675734 0.20544217687074826 0.06371882086167799 0.12970521541950117 0.08684807256235827 0.02993197278911562 0.0294784580498866 0.064172335600907 0.03310657596371879
0.05440115440115438 0.0421356421356421 0.037806637806637795 0.03290043290043288 0.07359307359307356 0.06060606060606058 0.033477633477633446 0.02366522366522364 0.05151515151515151 0.3291486291486291 0.07936507936507932 0.077056277056277 0.03694083694083689 0.040404040404040366 0.02698412698412695
0.08282828282828289 0.04696969696969701 0.08787878787878788 0.03308080808080811 0.09292929292929293 0.09772727272727276 0.07727272727272727 0.1108585858585859 0.05075757575757576 0.05580808080808085 0.04015151515151519 0.055303030303030326 0.03080808080808084 0.08005050505050507 0.05757575757575761
0.04861111111111111 0.03923611111111111 0.042708333333333334 0.07048611111111111 0.059375 0.10694444444444444 0.04513888888888889 0.12638888888888888 0.065625 0.04097222222222222 0.12013888888888889 0.050694444444444445 0.06597222222222222 0.07222222222222222 0.04548611111111111
0.036458333333333336 0.058333333333333334 0.059375 0.06979166666666667 0.044097222222222225 0.040625 0.08159722222222222 0.042708333333333334 0.07326388888888889 0.14166666666666666 0.03715277777777778 0.04583333333333333 0.17048611111111112 0.06388888888888888 0.034722222222222224
0.04333333333333333 0.0462962962962963 0.06777777777777773 0.06740740740740736 0.059629629629629574 0.06074074074074071 0.07222222222222217 0.09740740740740733 0.0385185185185185 0.06703703703703703 0.12629629629629616 0.1214814814814814 0.041851851851851835 0.04703703703703703 0.04296296296296296
0.03289588801399822 0.02265966754155728 0.018897637795275573 0.08451443569553797 0.06535433070866137 0.06815398075240588 0.2579177602799648 0.02458442694663165 0.017410323709536293 0.012248468941382313 0.016010498687664024 0.035608048993875735 0.027909011373578277 0.028258967629046342 0.2875765529308836
0.030116959064327462 0.08932748538011695 0.026900584795321616 0.11023391812865492 0.048830409356725134 0.09970760233918127 0.12997076023391818 0.1894736842105263 0.08698830409356721 0.03011695906432748 0.02719298245614032 0.028801169590643255 0.02499999999999998 0.03845029239766079 0.03888888888888887
0.0762128325508608 0.050391236306729294 0.0561815336463224 0.049452269170579016 0.031924882629107955 0.030203442879499193 0.05821596244131458 0.01862284820031297 0.0485133020344288 0.15070422535211267 0.028638497652582137 0.045070422535211235 0.2097026604068857 0.0810641627543036 0.06510172143974959
0.04043209876543205 0.03395061728395055 0.09876543209876534 0.03641975308641969 0.11450617283950618 0.07129629629629622 0.09104938271604933 0.1737654320987654 0.06141975308641964 0.07716049382716036 0.03179012345679007 0.03796296296296291 0.042592592592592536 0.056172839506172766 0.03271604938271599
0.021771771771771784 0.04504504504504508 0.03243243243243243 0.03183183183183183 0.06546546546546544 0.038588588588588595 0.36711711711711703 0.0424924924924925 0.08948948948948945 0.02567567567567571 0.05330330330330327 0.026726726726726754 0.01936936936936938 0.09654654654654655 0.044144144144144165
0.03051409618573796 0.02719734660033168 0.03872305140961856 0.08416252072968489 0.03474295190713102 0.022968490878938635 0.19552238805970149 0.02985074626865671 0.032669983416252074 0.03192371475953564 0.0843283582089552 0.2290215588723051 0.03416252072968489 0.0927860696517413 0.0314262023217247
0.037698412698412676 0.045436507936507886 0.04543650793650791 0.07023809523809525 0.034325396825396794 0.07599206349206347 0.06646825396825401 0.03055555555555552 0.06329365079365082 0.15317460317460324 0.025198412698412682 0.0345238095238095 0.258531746031746 0.03452380952380951 0.024603174603174596
0.018829231916480248 0.006114839671886652 0.030611483967188664 0.03683818046234154 0.08687546607009695 0.007494407158836688 0.08840417598806863 0.011483967188665178 0.013422818791946317 0.007941834451901567 0.06789709172259507 0.5369500372856079 0.05831469052945567 0.019202087994034316 0.009619686800894865
0.07222222222222216 0.047435897435897385 0.04487179487179484 0.09102564102564092 0.07393162393162385 0.053846153846153794 0.09658119658119649 0.12435897435897424 0.056410256410256356 0.05341880341880339 0.04487179487179484 0.06923076923076914 0.058547008547008485 0.04786324786324781 0.0653846153846153
0.06397306397306393 0.05016835016835013 0.041750841750841726 0.043771043771043745 0.040740740740740716 0.07441077441077436 0.048148148148148114 0.11818181818181822 0.09528619528619525 0.05252525252525249 0.037373737373737344 0.037037037037037014 0.036363636363636334 0.054882154882154845 0.20538720538720553
0.04907407407407407 0.03310185185185187 0.11018518518518523 0.12824074074074074 0.13032407407407406 0.0664351851851852 0.0513888888888889 0.052546296296296306 0.0513888888888889 0.030555555555555565 0.03472222222222222 0.09513888888888886 0.06342592592592591 0.049768518518518524 0.05370370370370371
0.15723270440251577 0.02431865828092244 0.069182389937107 0.03270440251572332 0.09077568134171915 0.04612159329140468 0.25345911949685535 0.06498951781970656 0.03710691823899375 0.02578616352201259 0.02431865828092244 0.04025157232704408 0.0433962264150944 0.03375262054507344 0.05660377358490575
0.033680555555555554 0.036458333333333336 0.04722222222222222 0.040625 0.05138888888888889 0.04583333333333333 0.24409722222222222 0.08506944444444445 0.04618055555555556 0.17881944444444445 0.035069444444444445 0.03680555555555556 0.03958333333333333 0.041666666666666664 0.0375
0.0206140350877193 0.07192982456140343 0.047222222222222165 0.02470760233918127 0.1635964912280701 0.12002923976608185 0.08391812865497077 0.034649122807017506 0.030409356725146174 0.035526315789473656 0.054093567251461985 0.03055555555555553 0.030116959064327452 0.031432748538011666 0.2211988304093567
0.03805555555555552 0.03361111111111105 0.04333333333333327 0.07750000000000004 0.3550000000000001 0.04416666666666662 0.07027777777777779 0.03416666666666662 0.04305555555555551 0.05527777777777773 0.02916666666666662 0.044722222222222184 0.033333333333333284 0.06138888888888892 0.036944444444444405
0.05370370370370367 0.03814814814814814 0.04148148148148147 0.0625925925925926 0.07148148148148145 0.047777777777777766 0.15814814814814804 0.08259259259259256 0.10851851851851847 0.042592592592592585 0.0422222222222222 0.06296296296296293 0.04999999999999999 0.06888888888888882 0.06888888888888886
0.06543209876543205 0.08487654320987646 0.04413580246913573 0.05956790123456783 0.06265432098765425 0.07006172839506165 0.06512345679012338 0.09969135802469137 0.0950617283950617 0.0682098765432098 0.04074074074074068 0.048456790123456744 0.03950617283950611 0.050308641975308564 0.10617283950617278
0.04320000000000003 0.03955555555555558 0.03031111111111113 0.08248888888888894 0.12559999999999996 0.0901333333333334 0.027377777777777793 0.052711111111111146 0.27111111111111086 0.01520000000000001 0.04186666666666669 0.020711111111111125 0.024888888888888905 0.09724444444444447 0.03760000000000002
0.013888888888888885 0.012056737588652484 0.03463356973995272 0.2314420803782506 0.11353427895981089 0.02204491725768322 0.0291371158392435 0.05348699763593385 0.011465721040189128 0.03404255319148937 0.009101654846335698 0.09509456264775416 0.15650118203309688 0.16991725768321495 0.013652482269503545
0.0646825396825396 0.044444444444444405 0.047222222222222214 0.0912698412698412 0.08730158730158726 0.1591269841269842 0.05158730158730155 0.067063492063492 0.04999999999999994 0.06587301587301583 0.05357142857142854 0.05317460317460315 0.05198412698412694 0.06507936507936507 0.047619047619047616
0.03904761904761898 0.037777777777777716 0.09079365079365073 0.03523809523809518 0.05111111111111104 0.03301587301587296 0.03714285714285708 0.043492063492063436 0.05428571428571421 0.041587301587301506 0.03714285714285708 0.033333333333333263 0.3796825396825393 0.039682539682539625 0.0466666666666666
0.023559670781893017 0.034362139917695475 0.06965020576131686 0.1504115226337448 0.2233539094650206 0.023353909465020573 0.027057613168724258 0.04979423868312759 0.11347736625514403 0.027469135802469142 0.0501028806584362 0.07067901234567903 0.03477366255144031 0.07325102880658438 0.02870370370370368
0.02377777777777778 0.024444444444444432 0.051222222222222204 0.03299999999999998 0.11166666666666669 0.030666666666666655 0.2973333333333334 0.04066666666666662 0.039888888888888786 0.025222222222222222 0.018222222222222233 0.12733333333333335 0.02055555555555557 0.14255555555555555 0.013444444444444453
0.047619047619047596 0.10674603174603169 0.10436507936507934 0.043253968253968246 0.04722222222222218 0.05674603174603171 0.06230158730158729 0.03968253968253965 0.09087301587301576 0.05436507936507934 0.14444444444444451 0.06309523809523804 0.04365079365079365 0.05595238095238094 0.03968253968253965
0.0499361430395913 0.03550446998722861 0.14648786717752235 0.03358876117496809 0.038952745849297594 0.09591315453384419 0.0236270753512133 0.3021711366538954 0.03984674329501918 0.050063856960408694 0.02911877394636018 0.03269476372924651 0.021839080459770146 0.04342273307790551 0.056832694763729256
0.05324074074074073 0.052777777777777805 0.046759259259259243 0.06296296296296297 0.05416666666666667 0.09814814814814815 0.11388888888888889 0.14120370370370375 0.050925925925925916 0.04814814814814813 0.048148148148148114 0.05555555555555555 0.04768518518518513 0.07314814814814817 0.053240740740740734
0.03383838383838388 0.07222222222222219 0.03106060606060609 0.037878787878787935 0.04393939393939397 0.04217171717171723 0.04393939393939397 0.06388888888888891 0.11792929292929301 0.09469696969696977 0.029292929292929325 0.038636363636363684 0.16717171717171714 0.1416666666666667 0.04166666666666667
0.03127572016460909 0.0746913580246913 0.09032921810699587 0.09032921810699583 0.044032921810699614 0.040740740740740765 0.042181069958847746 0.04218106995884776 0.07880658436213991 0.05925925925925923 0.02448559670781895 0.15349794238683123 0.05493827160493824 0.14156378600823044 0.031687242798353915
0.04986772486772482 0.0366402116402116 0.3615079365079365 0.054100529100529045 0.028439153439153417 0.039021164021163984 0.05145502645502641 0.023015873015872993 0.07962962962962954 0.04470899470899467 0.053968253968253915 0.03597883597883595 0.06124338624338616 0.057539682539682495 0.02288359788359787
0.039215686274509734 0.10163398692810445 0.060457516339869184 0.059803921568627356 0.04607843137254895 0.043137254901960714 0.04836601307189535 0.03333333333333326 0.13594771241830048 0.06470588235294109 0.04346405228758162 0.04803921568627445 0.13921568627450973 0.09313725490196074 0.04346405228758162
0.03870967741935481 0.03906810035842291 0.03620071684587811 0.03978494623655911 0.06630824372759851 0.04372759856630821 0.058781362007168415 0.2114695340501793 0.048028673835125414 0.09175627240143365 0.17777777777777798 0.03440860215053761 0.035842293906810006 0.03942652329749101 0.03870967741935481
0.018000000000000013 0.10577777777777775 0.02488888888888889 0.11155555555555553 0.022666666666666675 0.020000000000000014 0.15466666666666676 0.027888888888888855 0.10477777777777769 0.045222222222222185 0.08777777777777776 0.014333333333333344 0.027222222222222214 0.21022222222222225 0.025000000000000005
0.0647342995169083 0.05942028985507255 0.06473429951690832 0.06521739130434792 0.07246376811594214 0.05410628019323681 0.05314009661835756 0.07391304347826097 0.08743961352657009 0.07632850241545902 0.050241545893719874 0.0743961352657006 0.07681159420289863 0.06956521739130446 0.05748792270531411
0.02938271604938268 0.03530864197530859 0.05407407407407402 0.04370370370370367 0.05580246913580243 0.03135802469135798 0.09654320987654318 0.18222222222222198 0.08518518518518516 0.07061728395061725 0.17086419753086396 0.028148148148148113 0.04320987654320984 0.03679012345679008 0.03679012345679008
0.0742899850523169 0.17010463378176388 0.03657199800697557 0.03413054309915295 0.10881913303437965 0.011410064773293484 0.05326357747882411 0.016342800199302458 0.04758345789735924 0.026058794220229196 0.07244643746885902 0.03472845042351768 0.012257100149476842 0.2844045839561534 0.01758844045839563
0.10370370370370373 0.04385964912280708 0.029044834307992238 0.04385964912280704 0.03801169590643279 0.03352826510721252 0.0538011695906433 0.24697855750487324 0.10584795321637432 0.026120857699805104 0.08635477582846003 0.032358674463937656 0.04171539961013651 0.07914230019493179 0.03567251461988307
0.051041666666666666 0.035416666666666666 0.07013888888888889 0.04826388888888889 0.049652777777777775 0.09965277777777778 0.07048611111111111 0.1329861111111111 0.05277777777777778 0.13506944444444444 0.03923611111111111 0.07013888888888889 0.049305555555555554 0.06111111111111111 0.034722222222222224
0.028774928774928727 0.13532763532763517 0.05128205128205122 0.05042735042735039 0.028490028490028442 0.033048433048433 0.029914529914529867 0.04444444444444439 0.04301994301994297 0.09943019943019928 0.029914529914529864 0.0313390313390313 0.3267806267806263 0.03589743589743586 0.03190883190883186
0.0329032258064516 0.02308243727598561 0.04107526881720431 0.02501792114695339 0.04372759856630825 0.04487455197132615 0.09964157706093196 0.021577060931899643 0.05347670250896061 0.009677419354838719 0.03878136200716843 0.1778494623655914 0.015483870967741929 0.34752688172043006 0.025304659498207874
0.019967793880837362 0.018518518518518524 0.029468599033816448 0.022383252818035427 0.026409017713365544 0.42624798711755224 0.0600644122383253 0.1740740740740741 0.019484702093397754 0.057004830917874436 0.017874396135265702 0.01723027375201289 0.06795491143317234 0.020289855072463774 0.023027375201288242
0.03968253968253965 0.026455026455026415 0.13439153439153426 0.06693121693121688 0.06111111111111102 0.12645502645502635 0.05873015873015869 0.1325396825396824 0.04365079365079362 0.047089947089947064 0.039682539682539646 0.08465608465608454 0.055291005291005245 0.045767195767195734 0.03756613756613754
0.05111111111111103 0.09142857142857132 0.06761904761904752 0.15079365079365062 0.07142857142857134 0.07555555555555549 0.052380952380952306 0.0412698412698412 0.04158730158730152 0.047936507936507874 0.0393650793650793 0.054603174603174515 0.08380952380952372 0.08380952380952379 0.04730158730158724
0.07672413793103451 0.01704980842911876 0.17557471264367816 0.050095785440613036 0.21513409961685812 0.06867816091954024 0.03659003831417626 0.041570881226053645 0.04396551724137934 0.028352490421455954 0.016570881226053623 0.1076628352490421 0.015517241379310338 0.08649425287356324 0.020019157088122592
0.07313131313131309 0.061010101010100924 0.10303030303030296 0.036767676767676706 0.10202020202020202 0.041414141414141376 0.06868686868686864 0.051717171717171675 0.03777777777777772 0.15070707070707062 0.03353535353535348 0.07252525252525249 0.05090909090909089 0.0824242424242424 0.034343434343434294
0.03050505050505045 0.04707070707070702 0.05151515151515148 0.045454545454545414 0.07252525252525249 0.048484848484848464 0.21777777777777768 0.0923232323232323 0.0448484848484848 0.04161616161616157 0.025858585858585807 0.08262626262626263 0.029292929292929246 0.044444444444444384 0.12565656565656572
0.04855072463768118 0.033574879227053184 0.08816425120772944 0.03695652173913048 0.09734299516908206 0.17246376811594202 0.04202898550724642 0.10724637681159423 0.03913043478260877 0.06763285024154593 0.02753623188405801 0.071256038647343 0.047101449275362334 0.040096618357487984 0.08091787439613528
0.053030303030303066 0.053030303030303046 0.052525252525252544 0.06111111111111117 0.05757575757575761 0.06565656565656569 0.058585858585858665 0.19444444444444453 0.05353535353535357 0.08282828282828288 0.04949494949494951 0.056565656565656604 0.04949494949494951 0.059595959595959654 0.052525252525252544
0.03692810457516332 0.06209150326797375 0.0519607843137254 0.07483660130718946 0.050326797385620826 0.07156862745098032 0.0718954248366012 0.1359477124183005 0.03398692810457509 0.11437908496732015 0.03300653594771235 0.04313725490196071 0.13431372549019588 0.04836601307189535 0.037254901960784244
0.04532940019665683 0.04021632251720748 0.024090462143559494 0.03461160275319566 0.09636184857423796 0.14247787610619467 0.17610619469026553 0.05929203539823009 0.02261553588987219 0.07728613569321534 0.04995083579154373 0.1107177974434612 0.03323500491642083 0.05152409046214353 0.036184857423795486
0.01630640879787639 0.01069397042093289 0.2138414865377323 0.04379977246871445 0.14774364808494503 0.01141448615851347 0.026848691695108087 0.022942737959802808 0.0861585134622677 0.026166097838452775 0.052635570724307926 0.04364808494501329 0.01133864239666288 0.2750853242320819 0.01137656427758817
0.04408602150537631 0.03691756272401431 0.048028673835125414 0.04838709677419351 0.06344086021505373 0.053405017921146915 0.19462365591397862 0.1720430107526883 0.04874551971326162 0.04695340501792111 0.035842293906810006 0.03870967741935481 0.07849462365591393 0.04874551971326162 0.04157706093189961
0.19012345679012346 0.052839506172839515 0.07547325102880659 0.025020576131687233 0.03234567901234569 0.2301234567901235 0.027654320987654316 0.09407407407407407 0.06510288065843624 0.028641975308641966 0.0231275720164609 0.01621399176954732 0.01934156378600822 0.05234567901234566 0.06757201646090535
0.058333333333333334 0.056944444444444416 0.07268518518518514 0.04999999999999998 0.055555555555555546 0.12500000000000003 0.1407407407407407 0.04629629629629626 0.055555555555555525 0.05416666666666667 0.044907407407407354 0.07407407407407408 0.04907407407407403 0.06481481481481488 0.05185185185185186
0.05751633986928096 0.03692810457516332 0.04411764705882347 0.0696078431372548 0.048692810457516285 0.0777777777777777 0.17058823529411746 0.10522875816993454 0.09150326797385612 0.060457516339869184 0.04019607843137247 0.05947712418300644 0.04509803921568619 0.04869281045751628 0.04411764705882346
0.02010954616588418 0.03309859154929578 0.050078247261345875 0.10758998435054767 0.16510172143974963 0.019170579029733945 0.26291079812206575 0.023082942097026587 0.017370892018779328 0.013380281690140832 0.010954616588419395 0.20524256651017217 0.01690140845070421 0.039514866979655755 0.01549295774647886
0.023809523809523805 0.0226190476190476 0.02638888888888888 0.045833333333333316 0.09503968253968251 0.11646825396825401 0.11785714285714284 0.2912698412698413 0.024404761904761887 0.04999999999999997 0.02242063492063491 0.03611111111111109 0.03055555555555553 0.06845238095238101 0.028769841269841247
0.025045537340619282 0.011202185792349736 0.027868852459016373 0.0546448087431694 0.3860655737704918 0.026593806921675765 0.1149362477231329 0.027868852459016373 0.019672131147540947 0.043260473588342445 0.11703096539162114 0.062204007285974486 0.02231329690346083 0.047449908925318744 0.01384335154826958
0.0662393162393162 0.03888888888888885 0.043589743589743546 0.05299145299145296 0.053846153846153814 0.06752136752136746 0.09273504273504268 0.1547008547008545 0.04145299145299141 0.06923076923076915 0.04102564102564099 0.14102564102564083 0.04316239316239313 0.04914529914529913 0.04444444444444441
0.42290123456790124 0.012222222222222209 0.031296296296296267 0.2020679012345679 0.09358024691358025 0.038981481481481436 0.025185185185185168 0.028302469135802446 0.015679012345679002 0.01345679012345678 0.006728395061728389 0.013518518518518508 0.023395061728395044 0.0544753086419753 0.018209876543209862
0.01841269841269838 0.031111111111111065 0.024603174603174575 0.054761904761904734 0.0379365079365079 0.18571428571428553 0.03968253968253964 0.07380952380952376 0.05015873015873012 0.16190476190476175 0.07841269841269831 0.07365079365079358 0.036507936507936475 0.09380952380952379 0.039523809523809475
0.017119341563785997 0.03497942386831272 0.2896296296296297 0.030041152263374463 0.1186008230452675 0.08090534979423866 0.12370370370370372 0.03308641975308642 0.0210699588477366 0.02460905349794237 0.03884773662551441 0.039917695473251 0.019670781893004093 0.0848559670781893 0.04296296296296297
0.028749999999999998 0.02513888888888888 0.12583333333333335 0.037638888888888875 0.040555555555555574 0.06569444444444447 0.06875 0.0715277777777778 0.037916666666666675 0.08069444444444446 0.10444444444444446 0.08152777777777777 0.13402777777777772 0.057361111111111134 0.040138888888888884
0.1458089668615984 0.07504873294346978 0.03294346978557508 0.0376218323586745 0.06003898635477579 0.03684210526315792 0.03567251461988309 0.1678362573099415 0.041520467836257346 0.11461988304093573 0.03138401559454195 0.0417153996101365 0.0771929824561403 0.0627680311890838 0.0389863547758285
0.028888888888888836 0.035277777777777734 0.04666666666666664 0.05166666666666666 0.04555555555555553 0.05111111111111111 0.09305555555555552 0.05138888888888889 0.0794444444444445 0.05583333333333334 0.02888888888888886 0.04027777777777773 0.31777777777777766 0.042777777777777734 0.031388888888888834
0.01232048374905518 0.011073318216175368 0.05071806500377928 0.022411186696900974 0.022146636432350708 0.04168556311413453 0.06700680272108842 0.039720332577475426 0.014663643235071798 0.038170823885109596 0.03178382464096749 0.060052910052910045 0.5501133786848073 0.029138321995464813 0.008994708994709001
0.055555555555555476 0.05424836601307183 0.046078431372548946 0.041176470588235224 0.05098039215686266 0.04183006535947705 0.06405228758169929 0.1369281045751633 0.06666666666666657 0.06274509803921559 0.03758169934640517 0.03986928104575157 0.17777777777777748 0.04803921568627445 0.076470588235294
0.19569892473118292 0.055913978494623616 0.04982078853046591 0.07885304659498203 0.04587813620071682 0.04480286738351252 0.05304659498207882 0.09068100358422934 0.05125448028673832 0.07455197132616483 0.04014336917562721 0.059139784946236514 0.03835125448028671 0.07849462365591392 0.04336917562724011
0.04878048780487807 0.04308943089430897 0.037940379403794064 0.04769647696476968 0.0680216802168022 0.17073170731707316 0.08211382113821143 0.10731707317073168 0.05257452574525749 0.0590785907859079 0.04119241192411927 0.09485094850948514 0.03523035230352305 0.08021680216802174 0.031165311653116555
0.02354048964218453 0.027871939736346475 0.0453860640301318 0.05762711864406774 0.07928436911487749 0.04180790960451973 0.06478342749529185 0.17928436911487755 0.15028248587570628 0.05178907721280598 0.021280602636534807 0.02749529190207153 0.04990583804143121 0.03879472693032011 0.14086629001883252
0.03571428571428568 0.03756613756613753 0.037037037037037 0.08439153439153434 0.17698412698412685 0.08227513227513221 0.17169312169312154 0.0999999999999999 0.03888888888888885 0.033333333333333305 0.03280423280423277 0.0407407407407407 0.04312169312169308 0.052645502645502586 0.032804232804232746
0.023245614035087698 0.042397660818713385 0.04780701754385964 0.07573099415204675 0.03859649122807016 0.061403508771929814 0.05643274853801166 0.09561403508771928 0.09269005847953216 0.07704678362573095 0.01915204678362572 0.027631578947368396 0.2090643274853801 0.10497076023391815 0.028216374269005827
0.04408602150537631 0.03835125448028671 0.07347670250896052 0.04229390681003581 0.05376344086021501 0.04229390681003581 0.11971326164874559 0.19390681003584234 0.07096774193548382 0.058781362007168415 0.03942652329749101 0.07096774193548382 0.046236559139784916 0.06738351254480282 0.03835125448028671
0.048571428571428515 0.11841269841269833 0.03365079365079359 0.07365079365079355 0.06349206349206343 0.04666666666666659 0.04476190476190469 0.042222222222222154 0.14603174603174585 0.03746031746031739 0.031746031746031675 0.054603174603174535 0.06095238095238086 0.15142857142857144 0.04634920634920627
0.02495126705653025 0.08596491228070165 0.05477582846003899 0.11111111111111113 0.045224171539961035 0.03138401559454194 0.050682261208577016 0.09649122807017539 0.06159844054580895 0.03157894736842109 0.17270955165692004 0.029239766081871378 0.027095516569200815 0.14152046783625732 0.03567251461988308
0.04545454545454542 0.0424242424242424 0.05218855218855215 0.06329966329966326 0.06397306397306393 0.07609427609427605 0.09595959595959593 0.1097643097643098 0.052861952861952825 0.05252525252525249 0.03501683501683499 0.0424242424242424 0.06026936026936022 0.05757575757575754 0.15016835016835026
0.033618233618233566 0.031054131054131007 0.04301994301994298 0.0592592592592592 0.0626780626780626 0.07065527065527061 0.08091168091168083 0.30284900284900246 0.06752136752136743 0.048148148148148086 0.03789173789173785 0.035897435897435846 0.033618233618233566 0.061253561253561184 0.031623931623931574
0.0117936117936118 0.02691782691782691 0.01242151242151242 0.16147966147966153 0.5147420147420148 0.02967512967512969 0.03352443352443354 0.010920010920010924 0.014441714441714446 0.01263991263991265 0.12192192192192192 0.01343161343161344 0.006797706797706804 0.022113022113022133 0.007179907179907178
0.047407407407407384 0.03962962962962962 0.10592592592592584 0.04629629629629626 0.05259259259259257 0.08629629629629625 0.06962962962962962 0.14222222222222208 0.04777777777777776 0.10296296296296294 0.04185185185185185 0.040000000000000015 0.06888888888888886 0.04666666666666664 0.06185185185185183
0.04027777777777778 0.07152777777777777 0.03784722222222222 0.043055555555555555 0.05 0.05416666666666667 0.05 0.17291666666666666 0.19027777777777777 0.033680555555555554 0.04131944444444444 0.03854166666666667 0.04375 0.09722222222222222 0.035416666666666666
0.04871794871794866 0.03903133903133897 0.0629629629629629 0.07264957264957259 0.03874643874643869 0.03789173789173784 0.05783475783475775 0.038746438746438704 0.0649572649572649 0.036467236467236416 0.14358974358974338 0.058974358974358924 0.18860398860398836 0.05071225071225067 0.06011396011396004
0.06148148148148145 0.03777777777777778 0.036666666666666646 0.04074074074074074 0.043333333333333314 0.05777777777777774 0.053703703703703684 0.37592592592592566 0.04592592592592592 0.03592592592592592 0.035185185185185174 0.04 0.03777777777777777 0.052962962962962934 0.0448148148148148
0.04529914529914525 0.13418803418803407 0.039031339031338985 0.16296296296296273 0.04245014245014239 0.039316239316239274 0.048148148148148114 0.049572649572649494 0.050997150997150936 0.05868945868945861 0.042165242165242124 0.04900284900284896 0.05099715099715094 0.1384615384615384 0.04871794871794867
0.04192592592592594 0.05229629629629631 0.03259259259259262 0.02977777777777779 0.23377777777777783 0.050074074074074104 0.04459259259259261 0.18681481481481485 0.052888888888888895 0.024592592592592607 0.07777777777777782 0.06681481481481487 0.03081481481481482 0.0451851851851852 0.030074074074074073
0.05895424836601303 0.11660130718954238 0.03137254901960782 0.09411764705882349 0.02771241830065357 0.05163398692810455 0.07464052287581693 0.07058823529411756 0.08745098039215676 0.020130718954248342 0.09307189542483649 0.03647058823529407 0.016601307189542468 0.18000000000000008 0.04065359477124182
0.03387533875338755 0.12737127371273704 0.03414634146341466 0.03983739837398377 0.04850948509485098 0.07289972899729001 0.2203252032520324 0.04634146341463418 0.09539295392953928 0.03387533875338756 0.027913279132791347 0.030623306233062354 0.03360433604336046 0.12357723577235777 0.03170731707317075
0.06111111111111101 0.03464052287581692 0.05751633986928095 0.12352941176470576 0.1320261437908495 0.048692810457516264 0.08790849673202605 0.0826797385620914 0.07058823529411755 0.056535947712418225 0.03758169934640516 0.06339869281045743 0.03300653594771236 0.07385620915032669 0.03692810457516333
0.01896135265700483 0.04365942028985507 0.046739130434782596 0.16533816425120776 0.04836956521739128 0.016243961352657002 0.3326086956521739 0.01944444444444444 0.051871980676328505 0.01612318840579711 0.010929951690821267 0.108816425120773 0.03242753623188407 0.07433574879227053 0.014130434782608694
0.036231884057971016 0.039975845410628055 0.019323671497584564 0.025966183574879242 0.016787439613526595 0.02693236714975848 0.04553140096618354 0.022463768115942046 0.12318840579710143 0.018115942028985532 0.0922705314009662 0.03997584541062802 0.3948067632850241 0.051690821256038647 0.04673913043478261
0.03370370370370367 0.02537037037037035 0.041851851851851835 0.16925925925925922 0.22333333333333336 0.06481481481481476 0.03407407407407405 0.05611111111111106 0.04907407407407402 0.024259259259259248 0.03703703703703702 0.07240740740740735 0.030740740740740746 0.10185185185185185 0.03611111111111109
0.05909090909090913 0.057575757575757634 0.05151515151515154 0.06111111111111117 0.0717171717171718 0.11919191919191927 0.07272727272727278 0.07171717171717178 0.05454545454545456 0.10505050505050517 0.05151515151515154 0.05757575757575759 0.062121212121212147 0.057575757575757606 0.04696969696969696
0.012722646310432574 0.1342663273960984 0.02756573367260388 0.23078880407124677 0.03706530958439355 0.021543681085665796 0.030958439355385912 0.018490245971161993 0.029770992366412175 0.08150975402883803 0.014927905004240863 0.01687871077184053 0.2248515691263784 0.10110262934690417 0.017557251908396937
0.045977011494252824 0.04291187739463596 0.056704980842911826 0.114176245210728 0.09157088122605368 0.06743295019157083 0.054789272030651294 0.1015325670498085 0.04406130268199229 0.04022988505747122 0.04291187739463597 0.14176245210727975 0.03869731800766281 0.056704980842911853 0.06053639846743292
0.0654970760233918 0.13742690058479518 0.057309941520467825 0.06023391812865496 0.05497076023391813 0.06198830409356721 0.05847953216374269 0.05614035087719298 0.06432748538011693 0.09239766081871345 0.0543859649122807 0.05321637426900584 0.05380116959064327 0.07426900584795323 0.05555555555555555
0.011965811965811963 0.011912393162393155 0.034241452991452974 0.013034188034188024 0.027884615384615383 0.4473290598290598 0.03306623931623932 0.08376068376068378 0.06554487179487183 0.09358974358974355 0.06314102564102562 0.02179487179487179 0.05902777777777779 0.021100427350427338 0.012606837606837593
0.006349206349206345 0.028872180451127813 0.040434419381787795 0.024661654135338353 0.7276691729323308 0.005129490392648284 0.0603842940685046 0.00878863826232247 0.0050459482038429405 0.01607351712614871 0.022940685045948195 0.01588972431077695 0.006917293233082701 0.022756892230576437 0.008086883876357559
0.02149122807017543 0.03538011695906427 0.04678362573099413 0.11944444444444442 0.16900584795321638 0.07412280701754385 0.12178362573099417 0.06301169590643275 0.0732456140350877 0.030263157894736818 0.01944444444444443 0.029532163742690045 0.019444444444444427 0.14809941520467831 0.02894736842105259
0.0925518925518925 0.02393162393162392 0.039072039072039044 0.021855921855921855 0.02112332112332111 0.028083028083028056 0.03626373626373624 0.4159951159951155 0.05347985347985345 0.03125763125763124 0.10598290598290586 0.03919413919413918 0.020268620268620252 0.05372405372405369 0.0172161172161172
0.02903225806451611 0.05358422939068101 0.041218637992831514 0.034408602150537614 0.1304659498207886 0.11272401433691766 0.185483870967742 0.05896057347670254 0.07616487455197142 0.06774193548387099 0.07275985663082439 0.02921146953405016 0.023297491039426507 0.05555555555555557 0.029390681003584208
0.05314009661835758 0.057487922705314096 0.0473429951690822 0.04782608695652181 0.06086956521739137 0.08743961352657012 0.0570048309178745 0.1661835748792271 0.08840579710144943 0.05700483091787449 0.045893719806763364 0.05893719806763295 0.045893719806763364 0.07632850241545902 0.05024154589371989
0.055555555555555476 0.05449735449735442 0.059259259259259185 0.059788359788359696 0.07354497354497344 0.09947089947089939 0.08624338624338618 0.07354497354497348 0.0571428571428571 0.0899470899470899 0.053439153439153377 0.06402116402116394 0.05343915343915337 0.06349206349206343 0.05661375661375653
0.14652777777777778 0.042708333333333334 0.06076388888888889 0.10347222222222222 0.059375 0.044444444444444446 0.07847222222222222 0.084375 0.06041666666666667 0.06944444444444445 0.033680555555555554 0.043402777777777776 0.07256944444444445 0.05763888888888889 0.042708333333333334
0.044855967078189334 0.08930041152263378 0.10946502057613168 0.055967078189300475 0.05267489711934161 0.07613168724279838 0.055144032921810755 0.08765432098765434 0.08971193415637857 0.04691358024691364 0.04238683127572021 0.049794238683127635 0.08230452674897121 0.05432098765432103 0.06337448559670787
0.08181818181818185 0.0494949494949495 0.053030303030303046 0.05151515151515153 0.056565656565656604 0.0560606060606061 0.07222222222222234 0.1661616161616162 0.06717171717171722 0.05303030303030306 0.047474747474747475 0.05202020202020205 0.0666666666666667 0.07474747474747478 0.05202020202020203
0.06195286195286192 0.04040404040404038 0.042760942760942736 0.04006734006734004 0.04478114478114475 0.09528619528619525 0.04781144781144778 0.04276094276094273 0.10235690235690238 0.1346801346801348 0.10976430976430976 0.04814814814814813 0.09595959595959594 0.057912457912457874 0.035353535353535324
0.05873015873015869 0.061904761904761865 0.0579365079365079 0.0587301587301587 0.05357142857142855 0.08253968253968247 0.09246031746031742 0.0595238095238095 0.09246031746031744 0.057539682539682516 0.04642857142857143 0.047619047619047596 0.04563492063492061 0.12936507936507938 0.055555555555555525
0.17078189300411523 0.07386831275720164 0.04958847736625514 0.04629629629629631 0.029835390946502085 0.03621399176954734 0.04341563786008232 0.2561728395061728 0.042592592592592605 0.04711934156378601 0.026131687242798372 0.03312757201646095 0.0574074074074074 0.06008230452674895 0.027366255144032955
