0.037992831541218616 0.05143369175627241 0.06003584229390683 0.09569892473118284 0.06953405017921152 0.051612903225806445 0.0853046594982079 0.06971326164874556 0.13333333333333344 0.07939068100358429 0.07777777777777785 0.05716845878136202 0.06164874551971326 0.03709677419354836 0.03225806451612901
0.045726495726495675 0.0811965811965811 0.04017094017094013 0.0414529914529914 0.048717948717948684 0.041025641025640984 0.053846153846153814 0.04273504273504271 0.06239316239316235 0.2094017094017093 0.13119658119658104 0.05683760683760678 0.04444444444444441 0.04188034188034184 0.05897435897435895
0.02484567901234564 0.04027777777777773 0.02577160493827156 0.027314814814814778 0.023302469135802435 0.017438271604938244 0.02808641975308639 0.03194444444444441 0.30725308641975313 0.03765432098765428 0.31481481481481477 0.03966049382716047 0.023456790123456757 0.0237654320987654 0.03441358024691353
0.028743961352657055 0.05096618357487923 0.04444444444444448 0.03236714975845416 0.04468599033816429 0.307729468599034 0.040338164251207766 0.03768115942028989 0.13212560386473426 0.028260869565217433 0.02753623188405801 0.10483091787439612 0.05193236714975847 0.031400966183574935 0.03695652173913048
0.1866666666666666 0.06800000000000005 0.04755555555555559 0.048000000000000036 0.045777777777777806 0.04844444444444448 0.09866666666666671 0.04755555555555559 0.0884444444444445 0.05377777777777781 0.058222222222222265 0.06177777777777782 0.0466666666666667 0.045777777777777806 0.054666666666666704
0.02293906810035841 0.11021505376344089 0.028136200716845857 0.08727598566308245 0.11344086021505385 0.0919354838709678 0.023118279569892458 0.025268817204301058 0.023297491039426507 0.07025089605734766 0.020071684587813606 0.022580645161290307 0.05716845878136203 0.24534050179211478 0.058960573476702534
0.023132969034608358 0.023861566484517288 0.03014571948998176 0.042167577413479054 0.025045537340619296 0.016484517304189424 0.12495446265938068 0.5241347905282332 0.022677595628415283 0.04526411657559198 0.019125683060109276 0.01557377049180327 0.01111111111111112 0.04316939890710381 0.03315118397085607
0.05370370370370371 0.04999999999999998 0.1132996632996634 0.0654882154882155 0.041582491582491554 0.25336700336700335 0.046464646464646445 0.06043771043771045 0.10521885521885527 0.042087542087542056 0.037542087542087516 0.028956228956228937 0.03501683501683499 0.040740740740740716 0.026094276094276076
0.05288888888888892 0.06488888888888894 0.05200000000000004 0.052000000000000025 0.06044444444444449 0.06933333333333337 0.20577777777777764 0.055555555555555594 0.06044444444444449 0.06533333333333337 0.04844444444444448 0.07200000000000005 0.04755555555555559 0.04933333333333337 0.04400000000000003
0.03888888888888888 0.06518518518518518 0.04962962962962963 0.04111111111111111 0.08037037037037033 0.04444444444444443 0.05333333333333332 0.042222222222222223 0.06444444444444442 0.05259259259259259 0.2625925925925926 0.05740740740740738 0.0437037037037037 0.0474074074074074 0.05666666666666665
0.027306967984934052 0.053295668549905785 0.04237288135593215 0.34067796610169465 0.026365348399246674 0.02749529190207154 0.03069679849340863 0.10056497175141238 0.07758945386064019 0.032580037664783394 0.02900188323917135 0.04708097928436906 0.03446327683615815 0.08342749529190198 0.047080979284369065
0.027875243664717383 0.058869395711500884 0.034892787524366496 0.06257309941520467 0.04424951267056536 0.023781676413255397 0.025536062378167673 0.4592592592592588 0.027485380116959092 0.057699805068226105 0.047173489278752444 0.04093567251461991 0.029434697855750525 0.03625730994152051 0.023976608187134537
0.03872053872053869 0.09696969696969696 0.38316498316498315 0.03569023569023566 0.03804713804713802 0.031986531986531966 0.03838383838383835 0.03771043771043768 0.03670033670033667 0.049494949494949474 0.03164983164983163 0.03333333333333331 0.04579124579124576 0.05319865319865316 0.04915824915824914
0.11025641025641011 0.05256410256410254 0.04829059829059824 0.05555555555555552 0.0743589743589743 0.07008547008547003 0.13589743589743572 0.06452991452991445 0.04658119658119654 0.04529914529914526 0.046581196581196534 0.08290598290598283 0.04529914529914525 0.05299145299145294 0.06880341880341871
0.09746031746031734 0.02253968253968252 0.02793650793650789 0.09952380952380943 0.39666666666666656 0.020158730158730123 0.03650793650793647 0.05968253968253962 0.04507936507936504 0.04571428571428566 0.022063492063492028 0.05952380952380947 0.023015873015872983 0.019682539682539645 0.02444444444444441
0.0995555555555556 0.10355555555555554 0.05777777777777782 0.047111111111111145 0.05244444444444448 0.05777777777777782 0.05511111111111115 0.05200000000000004 0.04844444444444448 0.056444444444444485 0.05333333333333337 0.048000000000000036 0.1462222222222222 0.06488888888888893 0.05733333333333336
0.049305555555555554 0.10347222222222222 0.07604166666666666 0.041666666666666664 0.04097222222222222 0.04548611111111111 0.05555555555555555 0.06111111111111111 0.07048611111111111 0.0625 0.043055555555555555 0.07569444444444444 0.071875 0.065625 0.1371527777777778
0.05039682539682538 0.0492063492063492 0.04047619047619044 0.05079365079365076 0.044444444444444425 0.04285714285714283 0.05793650793650785 0.06746031746031744 0.043650793650793634 0.07301587301587298 0.04603174603174601 0.041269841269841255 0.16507936507936508 0.16666666666666657 0.06071428571428564
0.049275362318840624 0.06392914653784221 0.0987117552334944 0.060708534621578145 0.04492753623188407 0.05072463768115945 0.070048309178744 0.028180354267310817 0.028502415458937218 0.03687600644122384 0.3349436392914655 0.04041867954911434 0.02528180354267312 0.026570048309178744 0.04090177133655397
0.07204301075268812 0.09103942652329747 0.13440860215053768 0.04193548387096771 0.04695340501792111 0.046594982078853014 0.058781362007168415 0.056989247311827924 0.04336917562724012 0.08924731182795693 0.12150537634408604 0.03978494623655911 0.04731182795698922 0.04408602150537631 0.06594982078853041
0.053909465020576176 0.06625514403292186 0.1744855967078189 0.10781893004115223 0.05144032921810705 0.04938271604938279 0.0547325102880659 0.06255144032921812 0.10246913580246912 0.04320987654320992 0.04156378600823049 0.048148148148148176 0.04485596707818934 0.04485596707818934 0.054320987654321015
0.03280423280423276 0.03245149911816574 0.034215167548500826 0.02186948853615517 0.026631393298059934 0.3278659611992942 0.20123456790123445 0.10458553791887118 0.02751322751322748 0.04567901234567895 0.01904761904761901 0.027865961199294492 0.02839506172839503 0.03950617283950612 0.030335097001763626
0.09103942652329743 0.09032258064516127 0.03835125448028671 0.11003584229390688 0.04480286738351252 0.03763440860215051 0.04695340501792111 0.04336917562724012 0.045161290322580615 0.055913978494623616 0.03906810035842291 0.04982078853046591 0.19390681003584231 0.06594982078853041 0.047670250896057316
0.045777777777777806 0.0506666666666667 0.04355555555555558 0.04844444444444448 0.056888888888888926 0.055555555555555594 0.07333333333333338 0.08888888888888895 0.04222222222222226 0.08311111111111118 0.17244444444444434 0.0466666666666667 0.0804444444444445 0.059111111111111156 0.05288888888888892
0.029787234042553193 0.1966903073286051 0.05626477541371156 0.030260047281323886 0.027423167848699765 0.03238770685579197 0.03451536643026005 0.04066193853427897 0.2602836879432624 0.04893617021276593 0.03451536643026004 0.026004728132387696 0.03877068557919623 0.057446808510638284 0.08605200945626473
0.04259259259259258 0.04592592592592594 0.04444444444444445 0.035555555555555535 0.05888888888888884 0.04666666666666665 0.048888888888888885 0.04185185185185184 0.06888888888888887 0.05407407407407405 0.04037037037037036 0.35037037037037017 0.04925925925925926 0.037407407407407396 0.034814814814814805
0.01259259259259259 0.027925925925925934 0.14770370370370373 0.09237037037037037 0.03940740740740741 0.01348148148148148 0.010592592592592594 0.48385185185185187 0.06207407407407407 0.03244444444444447 0.024370370370370376 0.015703703703703713 0.011629629629629634 0.012370370370370375 0.013481481481481481
0.05416666666666665 0.06527777777777784 0.03861111111111106 0.03388888888888883 0.040555555555555504 0.19444444444444448 0.034166666666666616 0.036111111111111066 0.03527777777777773 0.1786111111111112 0.035555555555555514 0.08416666666666665 0.0569444444444444 0.0394444444444444 0.07277777777777782
0.04087301587301584 0.03928571428571426 0.09047619047619045 0.04404761904761902 0.04246031746031745 0.04047619047619046 0.0464285714285714 0.34761904761904766 0.0468253968253968 0.04682539682539684 0.04285714285714284 0.04285714285714285 0.04523809523809524 0.042857142857142816 0.04087301587301585
0.05972222222222223 0.04120370370370371 0.053240740740740713 0.10416666666666667 0.2844907407407407 0.030787037037037043 0.050462962962962966 0.049074074074074096 0.029629629629629648 0.09490740740740736 0.043055555555555576 0.05509259259259258 0.03009259259259261 0.04791666666666665 0.026157407407407397
0.09999999999999998 0.04805555555555556 0.03611111111111106 0.036944444444444405 0.09416666666666672 0.07222222222222222 0.050555555555555534 0.037777777777777716 0.09472222222222221 0.03916666666666662 0.03888888888888883 0.21249999999999997 0.03999999999999993 0.032499999999999946 0.06638888888888887
0.060905349794238735 0.052263374485596766 0.06831275720164613 0.04855967078189305 0.07160493827160497 0.04279835390946507 0.07654320987654323 0.05925925925925928 0.04526748971193418 0.04732510288065849 0.2411522633744857 0.04485596707818934 0.05473251028806591 0.03991769547325108 0.04650205761316877
0.11207729468599043 0.0507246376811595 0.05265700483091798 0.054106280193236794 0.05507246376811603 0.059903381642512174 0.07439613526570056 0.05120772946859911 0.046376811594202975 0.06038647342995178 0.10628019323671499 0.05314009661835758 0.12463768115942031 0.047342995169082205 0.051690821256038716
0.035353535353535345 0.08898989898989894 0.04929292929292929 0.05858585858585858 0.02444444444444443 0.07353535353535352 0.0609090909090909 0.029797979797979785 0.02767676767676765 0.025656565656565652 0.012525252525252502 0.06060606060606064 0.03636363636363636 0.3555555555555553 0.06070707070707067
0.32626262626262625 0.04949494949494951 0.03005050505050509 0.027020202020202038 0.03232323232323235 0.029545454545454576 0.03888888888888893 0.03181818181818184 0.03611111111111116 0.1787878787878786 0.04090909090909094 0.04545454545454548 0.029040404040404068 0.026515151515151523 0.0777777777777778
0.05720164609053503 0.0637860082304527 0.05637860082304534 0.039094650205761354 0.07777777777777779 0.13209876543209867 0.06913580246913588 0.04320987654320992 0.07078189300411529 0.10164609053497939 0.04526748971193421 0.05679012345679018 0.09176954732510291 0.04567901234567907 0.0493827160493828
0.07860082304526753 0.04897119341563789 0.044855967078189334 0.03909465020576137 0.055967078189300454 0.04238683127572023 0.04773662551440336 0.08518518518518522 0.0650205761316873 0.04855967078189304 0.11481481481481479 0.18189300411522627 0.04979423868312763 0.049794238683127635 0.04732510288065849
0.06376811594202907 0.049758454106280235 0.048792270531401054 0.04879227053140103 0.05652173913043487 0.060869565217391404 0.08743961352657015 0.06038647342995177 0.0473429951690822 0.0893719806763286 0.06280193236714988 0.09420289855072474 0.1265700483091788 0.046859903381642594 0.05652173913043487
0.11681286549707602 0.07616959064327483 0.02923976608187132 0.02017543859649123 0.04663742690058477 0.02587719298245612 0.037573099415204654 0.08450292397660818 0.360233918128655 0.04809941520467836 0.04225146198830406 0.03099415204678361 0.02894736842105261 0.03011695906432745 0.02236842105263157
0.12285115303983234 0.06058700209643611 0.03878406708595394 0.025157232704402534 0.032494758909853316 0.0622641509433963 0.07148846960167728 0.03857442348008392 0.047798742138364846 0.2329140461215933 0.07484276729559751 0.03270440251572331 0.028511530398322875 0.10020964360587009 0.030817610062893127
0.03747645951035779 0.041996233521657204 0.0681732580037664 0.04971751412429373 0.02580037664783424 0.031073446327683572 0.4470809792843692 0.023163841807909577 0.0580037664783427 0.03201506591337096 0.026553672316384138 0.043879472693031975 0.045951035781544206 0.04463276836158187 0.02448210922787191
0.045473251028806595 0.06316872427983539 0.06460905349794235 0.03827160493827162 0.038271604938271614 0.3181069958847736 0.06748971193415636 0.026131687242798383 0.035390946502057645 0.02777777777777781 0.04115226337448563 0.08641975308641975 0.03703703703703708 0.08086419753086417 0.029835390946502085
0.07407407407407401 0.03594771241830062 0.03398692810457513 0.028104575163398673 0.02527233115468407 0.026797385620915007 0.12984749455337677 0.03006535947712416 0.09346405228758156 0.05599128540305007 0.2958605664488014 0.03725490196078427 0.026797385620915007 0.022657952069716755 0.08387799564270139
0.08577777777777783 0.0635555555555556 0.047111111111111145 0.047111111111111145 0.04977777777777781 0.04311111111111114 0.08088888888888894 0.05022222222222226 0.060000000000000046 0.1568888888888888 0.07066666666666672 0.047111111111111145 0.09911111111111115 0.046222222222222255 0.05244444444444448
0.031436314363143654 0.0560975609756098 0.04363143631436317 0.029810298102981046 0.03712737127371277 0.048780487804878085 0.030623306233062354 0.402710027100271 0.03523035230352306 0.050677506775067785 0.03712737127371276 0.07588075880758813 0.03712737127371276 0.039295392953929566 0.044444444444444474
0.0966666666666666 0.04022222222222225 0.02711111111111113 0.02622222222222224 0.03622222222222225 0.03244444444444446 0.2286666666666665 0.06311111111111112 0.04266666666666669 0.07577777777777774 0.0824444444444444 0.036666666666666695 0.09955555555555552 0.027555555555555576 0.0846666666666666
0.11837606837606823 0.0444444444444444 0.03931623931623928 0.043162393162393134 0.055982905982905944 0.06495726495726488 0.07264957264957256 0.060683760683760635 0.06111111111111106 0.11239316239316224 0.08076923076923069 0.09059829059829051 0.05598290598290593 0.04401709401709397 0.05555555555555548
0.0498084291187739 0.06206896551724139 0.25478927203065155 0.045210727969348614 0.04022988505747122 0.04291187739463596 0.055555555555555504 0.06781609195402297 0.04099616858237544 0.059003831417624455 0.055938697318007595 0.04214559386973176 0.0490421455938697 0.06896551724137927 0.0655172413793103
0.20658436213991765 0.06625514403292179 0.04279835390946506 0.041563786008230484 0.04773662551440334 0.05720164609053505 0.0683127572016461 0.045267489711934186 0.05061728395061734 0.11810699588477361 0.04526748971193421 0.047736625514403344 0.04567901234567906 0.06748971193415643 0.049382716049382776
0.08571428571428562 0.09333333333333325 0.041269841269841206 0.03365079365079359 0.04158730158730153 0.052380952380952306 0.09873015873015865 0.046031746031745986 0.035238095238095166 0.04412698412698407 0.048888888888888836 0.04666666666666659 0.033968253968253904 0.032698412698412636 0.2657142857142855
0.03039215686274505 0.03186274509803918 0.15849673202614373 0.09232026143790839 0.028921568627450933 0.04411764705882349 0.16568627450980394 0.04607843137254897 0.12336601307189542 0.022549019607843106 0.14820261437908497 0.02532679738562087 0.025490196078431338 0.02287581699346402 0.03431372549019604
0.0525641025641025 0.10683760683760675 0.049572649572649535 0.09999999999999988 0.05427350427350424 0.048290598290598244 0.049572649572649535 0.04358974358974356 0.09102564102564092 0.07863247863247858 0.05641025641025637 0.05982905982905976 0.06709401709401701 0.04700854700854698 0.0952991452991453
0.05246913580246906 0.07407407407407403 0.035802469135802414 0.033333333333333284 0.04969135802469128 0.1833333333333332 0.0922839506172839 0.03703703703703697 0.06820987654320979 0.05154320987654316 0.03395061728395055 0.08919753086419747 0.10277777777777772 0.06203703703703695 0.0342592592592592
0.031590413943355086 0.04226579520697164 0.03681917211328973 0.1509803921568626 0.03159041394335509 0.06797385620915028 0.07973856209150319 0.03267973856209146 0.031154684095860544 0.03986928104575157 0.026579520697167725 0.06514161220043566 0.2908496732026141 0.030718954248365984 0.04204793028322436
0.03888888888888889 0.04201388888888889 0.37569444444444444 0.08159722222222222 0.029166666666666667 0.03333333333333333 0.03576388888888889 0.09930555555555555 0.078125 0.04861111111111111 0.027777777777777776 0.035243055555555555 0.021875 0.028125 0.024479166666666666
0.03854166666666667 0.07048611111111111 0.04826388888888889 0.11493055555555555 0.036458333333333336 0.03923611111111111 0.03958333333333333 0.03611111111111111 0.2795138888888889 0.04479166666666667 0.07708333333333334 0.05277777777777778 0.03611111111111111 0.043402777777777776 0.042708333333333334
0.052910052910052824 0.051851851851851774 0.10105820105820101 0.06031746031746022 0.07513227513227506 0.06031746031746025 0.0539682539682539 0.06084656084656076 0.050264550264550185 0.15714285714285697 0.05873015873015866 0.053968253968253894 0.058201058201058115 0.0539682539682539 0.05132275132275125
0.039080459770114886 0.0712643678160919 0.04137931034482755 0.041762452107279635 0.044444444444444405 0.04367816091954018 0.041379310344827544 0.1536398467432951 0.04252873563218387 0.04444444444444441 0.05593869731800762 0.07432950191570882 0.17892720306513415 0.04252873563218388 0.08467432950191572
0.13660130718954236 0.047712418300653515 0.0362745098039215 0.03333333333333328 0.050653594771241726 0.08333333333333326 0.10522875816993452 0.03366013071895419 0.17581699346405216 0.10653594771241824 0.04346405228758162 0.04150326797385613 0.035294117647058754 0.033660130718954184 0.03692810457516333
0.0715555555555556 0.07688888888888894 0.04222222222222225 0.045777777777777806 0.05022222222222226 0.045333333333333364 0.05822222222222225 0.04222222222222225 0.25911111111111107 0.046222222222222255 0.05244444444444448 0.058222222222222265 0.06222222222222227 0.04355555555555558 0.045777777777777806
0.039886039886039865 0.15170940170940156 0.06737891737891731 0.059971509971509906 0.02991452991452988 0.04287749287749285 0.02649572649572647 0.024643874643874627 0.04287749287749286 0.03746438746438741 0.302991452991453 0.0444444444444444 0.028062678062678037 0.03689458689458685 0.06438746438746437
0.03819444444444445 0.053125 0.03958333333333333 0.03680555555555556 0.03958333333333333 0.27395833333333336 0.049305555555555554 0.04097222222222222 0.03784722222222222 0.075 0.051041666666666666 0.04027777777777778 0.11736111111111111 0.05451388888888889 0.05243055555555556
0.0444444444444444 0.07222222222222222 0.052777777777777805 0.04490740740740736 0.050462962962962966 0.04351851851851846 0.042129629629629566 0.05092592592592592 0.09444444444444444 0.06712962962962966 0.22268518518518526 0.05972222222222225 0.050925925925925916 0.05509259259259263 0.04861111111111107
0.20000000000000004 0.047736625514403296 0.04650205761316877 0.044032921810699635 0.05061728395061734 0.058847736625514464 0.08765432098765434 0.04773662551440332 0.04032921810699592 0.1448559670781893 0.04855967078189304 0.04814814814814818 0.04485596707818932 0.039917695473251066 0.050205761316872474
0.12666666666666662 0.07822222222222226 0.056444444444444485 0.045333333333333364 0.058222222222222265 0.04888888888888892 0.06533333333333338 0.044444444444444474 0.05111111111111115 0.048000000000000036 0.07466666666666673 0.047111111111111145 0.056888888888888926 0.04355555555555558 0.15511111111111103
0.08352490421455933 0.05057471264367815 0.06130268199233713 0.04252873563218386 0.04674329501915705 0.0593869731800766 0.1816091954022989 0.052490421455938664 0.044061302681992306 0.14176245210727975 0.05747126436781604 0.047509578544061286 0.047892720306513384 0.04061302681992333 0.04252873563218386
0.10470085470085458 0.08418803418803414 0.049572649572649535 0.04444444444444439 0.04786324786324782 0.04572649572649569 0.04957264957264954 0.04829059829059824 0.050854700854700834 0.04871794871794866 0.06538461538461535 0.12350427350427338 0.1316239316239314 0.061111111111111054 0.04444444444444441
0.16785714285714284 0.07063492063492054 0.04007936507936505 0.03888888888888886 0.07936507936507932 0.037698412698412676 0.047619047619047616 0.03888888888888886 0.08611111111111108 0.07182539682539678 0.06150793650793647 0.05476190476190473 0.04523809523809524 0.05793650793650791 0.10158730158730155
0.11666666666666664 0.06269841269841266 0.04206349206349206 0.044047619047619044 0.04007936507936505 0.03928571428571425 0.04642857142857139 0.04761904761904759 0.19880952380952366 0.07142857142857137 0.042460317460317455 0.04444444444444441 0.11746031746031747 0.04007936507936504 0.04642857142857138
0.11022222222222221 0.05244444444444448 0.044888888888888916 0.04266666666666669 0.06577777777777781 0.044888888888888916 0.045777777777777806 0.044444444444444474 0.17022222222222214 0.04400000000000003 0.12533333333333324 0.07422222222222227 0.04755555555555559 0.04355555555555558 0.04400000000000003
0.07127572016460906 0.028148148148148148 0.02362139917695473 0.1049382716049383 0.016131687242798343 0.03794238683127571 0.05300411522633742 0.03465020576131687 0.024526748971193408 0.07909465020576131 0.36526748971193407 0.023209876543209863 0.05374485596707819 0.05703703703703704 0.027407407407407387
0.0434343434343434 0.05454545454545451 0.0535353535353535 0.05454545454545451 0.09730639730639729 0.045117845117845085 0.10000000000000002 0.05622895622895619 0.06262626262626259 0.10909090909090911 0.06397306397306393 0.08787878787878782 0.06262626262626259 0.06296296296296292 0.046127946127946094
0.047892720306513356 0.03716475095785437 0.04099616858237542 0.03601532567049805 0.042145593869731754 0.041379310344827544 0.08620689655172416 0.03984674329501913 0.042145593869731754 0.07854406130268195 0.3199233716475096 0.05708812260536394 0.05632183908045975 0.03524904214559383 0.0390804597701149
0.050308641975308585 0.046913580246913535 0.06018518518518512 0.03919753086419748 0.09043209876543204 0.038888888888888834 0.07654320987654313 0.06018518518518511 0.06296296296296289 0.137037037037037 0.06944444444444438 0.10709876543209874 0.036111111111111045 0.08209876543209868 0.042592592592592536
0.05042735042735041 0.0555555555555555 0.03888888888888885 0.03888888888888885 0.14786324786324764 0.04487179487179482 0.15940170940170917 0.04102564102564098 0.056410256410256376 0.047435897435897406 0.05769230769230767 0.060683760683760635 0.04059829059829057 0.08504273504273496 0.07521367521367514
0.05375375375375377 0.06576576576576577 0.04504504504504509 0.03633633633633635 0.03783783783783787 0.06306306306306309 0.03333333333333336 0.04324324324324326 0.08498498498498493 0.032432432432432434 0.034234234234234266 0.06066066066066067 0.3057057057057057 0.036636636636636674 0.06696696696696694
0.042270531400966226 0.041787439613526635 0.07995169082125603 0.043478260869565265 0.09589371980676328 0.048550724637681175 0.08019323671497584 0.06932367149758456 0.04734299516908216 0.1347826086956522 0.03671497584541068 0.09371980676328497 0.07850241545893724 0.0340579710144928 0.07342995169082128
0.03958333333333333 0.06041666666666667 0.16458333333333333 0.03854166666666667 0.034375 0.06111111111111111 0.03611111111111111 0.134375 0.1326388888888889 0.08090277777777778 0.04131944444444444 0.05173611111111111 0.04548611111111111 0.034375 0.044444444444444446
0.04115226337448564 0.0621399176954733 0.06337448559670787 0.03950617283950622 0.08600823045267497 0.046502057613168765 0.041152263374485624 0.048148148148148204 0.043621399176954775 0.039094650205761354 0.29794238683127594 0.06049382716049385 0.04609053497942391 0.04403292181069962 0.04074074074074077
0.06990740740740743 0.09398148148148147 0.051851851851851836 0.04953703703703703 0.05324074074074076 0.04629629629629625 0.056018518518518544 0.046759259259259216 0.05509259259259262 0.07685185185185181 0.06712962962962964 0.05092592592592593 0.08379629629629629 0.07962962962962963 0.11898148148148142
0.028006088280060917 0.04216133942161343 0.025418569254185727 0.1340943683409437 0.03013698630136989 0.03957382039573824 0.0305936073059361 0.06499238964992392 0.23455098934550994 0.028310502283105037 0.1955859969558599 0.040487062404870634 0.03272450532724507 0.05205479452054795 0.02130898021308983
0.04502923976608188 0.09327485380116955 0.1865497076023392 0.03567251461988302 0.059941520467836226 0.037134502923976596 0.053801169590643225 0.09415204678362571 0.08216374269005841 0.0821637426900584 0.03713450292397659 0.05818713450292394 0.04970760233918124 0.04649122807017541 0.03859649122807017
0.1020202020202021 0.053030303030303046 0.05050505050505052 0.0494949494949495 0.05151515151515155 0.04797979797979797 0.09646464646464649 0.05202020202020203 0.18686868686868685 0.0585858585858586 0.04848484848484849 0.053535353535353554 0.05000000000000002 0.04797979797979798 0.05151515151515154
0.055555555555555476 0.058201058201058135 0.05185185185185177 0.050264550264550185 0.055555555555555476 0.07830687830687823 0.06560846560846553 0.05343915343915337 0.09206349206349196 0.06084656084656077 0.052380952380952306 0.16084656084656068 0.052380952380952306 0.050793650793650724 0.06190476190476181
0.02318007662835247 0.03946360153256704 0.03199233716475093 0.024329501915708783 0.02107279693486588 0.04042145593869732 0.040421455938697295 0.08180076628352492 0.2132183908045978 0.07796934865900386 0.027394636015325654 0.025862068965517224 0.24386973180076627 0.046360153256704964 0.06264367816091954
0.3355902777777778 0.04791666666666667 0.03211805555555555 0.030555555555555555 0.026041666666666668 0.0328125 0.03576388888888889 0.03940972222222222 0.05381944444444445 0.057291666666666664 0.0375 0.07916666666666666 0.03854166666666667 0.027430555555555555 0.12604166666666666
0.07175925925925926 0.06064814814814812 0.04907407407407405 0.04583333333333328 0.04629629629629623 0.04629629629629625 0.11064814814814818 0.04629629629629626 0.17962962962962956 0.057870370370370385 0.08703703703703701 0.04861111111111109 0.04629629629629626 0.050462962962962966 0.05324074074074074
0.09570707070707077 0.0532828282828283 0.05101010101010106 0.0984848484848485 0.04090909090909092 0.08762626262626266 0.05606060606060612 0.038131313131313176 0.08080808080808086 0.10000000000000002 0.05934343434343438 0.0661616161616162 0.10151515151515152 0.028030303030303058 0.04292929292929299
0.010752688172043024 0.01734767025089607 0.07182795698924732 0.13168458781362008 0.4931182795698925 0.017562724014336915 0.019856630824372754 0.02487455197132615 0.027025089605734756 0.021362007168458784 0.10272401433691755 0.014050179211469541 0.022724014336917557 0.012903225806451622 0.012186379928315411
0.059722222222222225 0.1267361111111111 0.03576388888888889 0.03611111111111111 0.04618055555555556 0.034722222222222224 0.041666666666666664 0.03819444444444445 0.07118055555555555 0.06736111111111111 0.24930555555555556 0.04097222222222222 0.04097222222222222 0.04861111111111111 0.0625
0.044444444444444446 0.048888888888888885 0.041481481481481466 0.03888888888888887 0.06370370370370365 0.30037037037037034 0.04407407407407408 0.050740740740740725 0.058888888888888866 0.05407407407407406 0.04592592592592591 0.0485185185185185 0.07222222222222219 0.047407407407407405 0.04037037037037036
0.10158730158730146 0.03562610229276893 0.029100529100529057 0.023809523809523774 0.05414462081128743 0.053262786596119875 0.032980599647266275 0.04444444444444442 0.022222222222222195 0.055908289241622534 0.043386243386243355 0.41869488536155164 0.02680776014109343 0.023456790123456767 0.034567901234567856
0.05158730158730157 0.04047619047619045 0.03809523809523807 0.04960317460317459 0.0456349206349206 0.042460317460317434 0.09246031746031742 0.05079365079365076 0.04880952380952378 0.13531746031746025 0.22261904761904758 0.05357142857142854 0.041666666666666644 0.046825396825396805 0.040079365079365055
0.13293650793650794 0.04999999999999997 0.061904761904761865 0.13611111111111115 0.048015873015873005 0.04484126984126982 0.051984126984126945 0.0472222222222222 0.06031746031746026 0.03968253968253965 0.04007936507936506 0.1579365079365079 0.04365079365079363 0.04325396825396824 0.042063492063492025
0.11230158730158729 0.04603174603174603 0.05515873015873011 0.07738095238095231 0.04960317460317457 0.042063492063492046 0.06071428571428568 0.042460317460317455 0.04126984126984127 0.12023809523809526 0.1575396825396825 0.07222222222222216 0.047222222222222214 0.03769841269841267 0.03809523809523807
0.04336917562724012 0.05017921146953402 0.10824372759856635 0.035842293906810006 0.036917562724014315 0.10322580645161289 0.04695340501792111 0.08673835125448022 0.04587813620071682 0.10681003584229391 0.03655913978494621 0.03870967741935481 0.178136200716846 0.037275985663082406 0.045161290322580615
0.12463768115942032 0.07198067632850247 0.04830917874396144 0.047342995169082205 0.05024154589371988 0.057004830917874484 0.05555555555555564 0.05169082125603875 0.05410628019323681 0.10144927536231883 0.04975845410628028 0.04830917874396143 0.1144927536231884 0.0584541062801933 0.06666666666666675
0.13592592592592578 0.056296296296296275 0.044814814814814814 0.0918518518518518 0.055185185185185164 0.049629629629629614 0.048148148148148134 0.04333333333333332 0.07703703703703695 0.11777777777777768 0.04555555555555555 0.057037037037037025 0.09888888888888887 0.04111111111111109 0.0374074074074074
0.044702842377261034 0.03746770025839797 0.09974160206718354 0.19612403100775214 0.029715762273901842 0.038759689922480654 0.07364341085271325 0.17571059431524572 0.03824289405684758 0.06511627906976751 0.042894056847545256 0.055813953488372155 0.03333333333333336 0.027390180878553005 0.04134366925064603
0.04262626262626257 0.12343434343434342 0.03232323232323228 0.12282828282828287 0.026868686868686827 0.028484848484848432 0.047676767676767616 0.0448484848484848 0.11717171717171712 0.10222222222222223 0.05696969696969695 0.040606060606060534 0.028080808080808043 0.029696969696969652 0.15616161616161614
0.07111111111111115 0.06800000000000005 0.044444444444444474 0.045777777777777806 0.08444444444444452 0.05200000000000004 0.10400000000000001 0.056888888888888926 0.07200000000000005 0.0715555555555556 0.045777777777777806 0.0497777777777778 0.13599999999999995 0.046222222222222255 0.052000000000000025
0.04290598290598286 0.026837606837606828 0.034700854700854676 0.12307692307692292 0.029230769230769206 0.019487179487179464 0.025470085470085432 0.03675213675213671 0.031111111111111076 0.030085470085470058 0.024444444444444418 0.4714529914529912 0.03965811965811961 0.03316239316239314 0.03162393162393158
0.06286549707602335 0.051754385964912254 0.03128654970760232 0.030116959064327483 0.03684210526315787 0.02894736842105262 0.042105263157894736 0.030409356725146188 0.030701754385964897 0.05672514619883035 0.4608187134502921 0.044444444444444446 0.03333333333333332 0.027192982456140345 0.03245614035087717
0.08172043010752683 0.04336917562724011 0.037275985663082406 0.03512544802867381 0.06415770609318992 0.04301075268817201 0.07132616487455191 0.03835125448028671 0.2827956989247312 0.08781362007168451 0.040860215053763416 0.049462365591397814 0.04587813620071682 0.03655913978494621 0.042293906810035815
0.3161290322580646 0.048028673835125414 0.03440860215053761 0.10394265232974916 0.037275985663082406 0.037275985663082406 0.03870967741935481 0.03512544802867381 0.04301075268817201 0.09892473118279567 0.049103942652329716 0.03906810035842291 0.046236559139784916 0.03405017921146951 0.03870967741935481
0.05083014048531288 0.02056194125159643 0.018135376756066433 0.02349936143039593 0.029501915708812276 0.36883780332056215 0.07867177522349936 0.01583652618135378 0.21724137931034487 0.0376756066411239 0.023243933588761187 0.035376756066411254 0.029246487867177557 0.02132822477650064 0.030012771392081757
0.09183006535947705 0.046241830065359424 0.03709150326797381 0.09869281045751628 0.16274509803921572 0.07516339869281037 0.04395424836601303 0.07875816993464044 0.09264705882352933 0.054411764705882305 0.021241830065359443 0.026960784313725457 0.02549019607843134 0.02696078431372545 0.11781045751633988
0.08177777777777782 0.055555555555555594 0.07066666666666671 0.04222222222222225 0.05422222222222226 0.04222222222222225 0.044888888888888916 0.04355555555555558 0.19688888888888875 0.12222222222222218 0.05511111111111115 0.04933333333333337 0.05377777777777781 0.04400000000000003 0.04355555555555558
0.05267489711934162 0.06337448559670784 0.04938271604938277 0.04279835390946507 0.04897119341563792 0.07201646090534981 0.053497942386831324 0.06378600823045272 0.05267489711934164 0.08724279835390948 0.09094650205761316 0.04691358024691362 0.18312757201646085 0.05020576131687245 0.04238683127572022
0.15243055555555557 0.050520833333333334 0.029166666666666667 0.16944444444444445 0.019097222222222224 0.022222222222222223 0.029166666666666667 0.019444444444444445 0.06215277777777778 0.0375 0.11788194444444444 0.03680555555555556 0.14704861111111112 0.021006944444444446 0.08611111111111111
0.029629629629629593 0.057777777777777733 0.04691358024691356 0.08024691358024685 0.03753086419753084 0.33654320987654274 0.02938271604938268 0.02864197530864195 0.07580246913580242 0.027654320987654288 0.02641975308641972 0.03283950617283946 0.03555555555555552 0.11061728395061717 0.0444444444444444
0.10488888888888884 0.04977777777777781 0.044888888888888916 0.046222222222222255 0.045333333333333364 0.04400000000000003 0.059111111111111156 0.054666666666666704 0.04222222222222225 0.04266666666666669 0.044888888888888916 0.045333333333333364 0.2848888888888889 0.04355555555555558 0.04755555555555559
0.05511982570806095 0.03115468409586054 0.030936819172113265 0.02723311546840956 0.0915032679738561 0.02614379084967318 0.09106753812636159 0.026579520697167732 0.08540305010893237 0.04400871459694986 0.029847494553376878 0.38148148148148103 0.03267973856209147 0.02200435729847492 0.024836601307189513
0.1804444444444443 0.0506666666666667 0.04266666666666669 0.04222222222222225 0.057333333333333375 0.04400000000000003 0.112 0.04355555555555558 0.05555555555555559 0.05155555555555559 0.045333333333333364 0.14177777777777772 0.0466666666666667 0.04400000000000003 0.04222222222222225
0.14102564102564083 0.07008547008547003 0.04786324786324783 0.09102564102564094 0.054700854700854645 0.04487179487179483 0.05598290598290591 0.051282051282051246 0.08760683760683753 0.04529914529914526 0.0645299145299145 0.07008547008547003 0.047435897435897406 0.05128205128205124 0.07692307692307682
0.04478114478114475 0.048148148148148114 0.04444444444444441 0.03771043771043768 0.0683501683501683 0.13905723905723913 0.056565656565656534 0.09696969696969696 0.0767676767676767 0.046127946127946094 0.03872053872053869 0.08417508417508411 0.04579124579124576 0.1188552188552189 0.0535353535353535
0.14636015325670504 0.03180076628352486 0.02681992337164749 0.0622605363984675 0.022222222222222202 0.024137931034482734 0.03812260536398466 0.02777777777777775 0.3756704980842913 0.035823754789272 0.08908045977011494 0.031226053639846717 0.03199233716475093 0.029693486590038294 0.027011494252873545
0.022525252525252497 0.06666666666666665 0.0941414141414141 0.1797979797979797 0.01747474747474745 0.2831313131313131 0.03383838383838383 0.027373737373737352 0.021111111111111094 0.1058585858585859 0.023030303030303012 0.058181818181818154 0.016969696969696947 0.03323232323232322 0.01666666666666664
0.09218106995884776 0.17530864197530846 0.0452674897119342 0.04238683127572022 0.042386831275720196 0.046913580246913604 0.0761316872427984 0.055555555555555615 0.057201646090534984 0.0452674897119342 0.04650205761316877 0.05226337448559677 0.04979423868312763 0.042386831275720196 0.13045267489711926
0.04199623352165722 0.11054613935969873 0.037664783427495255 0.02429378531073443 0.03239171374764591 0.03540489642184553 0.04519774011299433 0.031638418079096 0.09566854990583797 0.0832391713747645 0.02410546139359696 0.04764595103578149 0.31129943502824853 0.03596986817325796 0.04293785310734459
0.11777777777777769 0.09999999999999992 0.044444444444444474 0.08222222222222228 0.04933333333333337 0.04755555555555559 0.06711111111111115 0.04844444444444448 0.07022222222222227 0.10311111111111103 0.06711111111111116 0.05600000000000004 0.04355555555555558 0.04222222222222225 0.06088888888888892
0.06709401709401702 0.061538461538461486 0.041025641025640984 0.040598290598290565 0.2752136752136753 0.04145299145299143 0.04487179487179483 0.05085470085470082 0.06581196581196576 0.042735042735042694 0.04914529914529909 0.08418803418803408 0.04957264957264952 0.04188034188034184 0.04401709401709397
0.07393162393162384 0.055982905982905964 0.052564102564102516 0.04615384615384613 0.047435897435897406 0.05982905982905978 0.0952991452991452 0.056410256410256356 0.06623931623931618 0.1799145299145298 0.06538461538461533 0.057692307692307654 0.04529914529914526 0.041025641025640984 0.056837606837606795
0.36590909090909096 0.03156565656565659 0.05101010101010105 0.06136363636363643 0.03308080808080812 0.029797979797979827 0.07196969696969702 0.03585858585858589 0.03459595959595964 0.08762626262626264 0.045959595959595985 0.04116161616161619 0.032828282828282866 0.04343434343434345 0.033838383838383855
0.03799283154121861 0.056272401433691714 0.06666666666666662 0.03870967741935481 0.25483870967741945 0.04874551971326162 0.08494623655913973 0.04050179211469531 0.07132616487455191 0.05663082437275982 0.056272401433691714 0.05017921146953402 0.047670250896057316 0.04086021505376341 0.04838709677419351
0.032638888888888905 0.053935185185185155 0.04027777777777778 0.031250000000000014 0.031712962962962964 0.028935185185185192 0.03564814814814816 0.026620370370370357 0.12083333333333329 0.04745370370370368 0.026620370370370353 0.04837962962962961 0.3932870370370373 0.03194444444444443 0.050462962962962966
0.03790849673202607 0.07450980392156854 0.21405228758169922 0.037254901960784244 0.03888888888888883 0.07516339869281034 0.06535947712418293 0.11764705882352927 0.05228758169934632 0.08071895424836592 0.03496732026143785 0.04052287581699339 0.049346405228758085 0.035947712418300574 0.045424836601307104
0.08399999999999994 0.04822222222222221 0.053111111111111095 0.03133333333333336 0.07644444444444444 0.05355555555555556 0.0357777777777778 0.03822222222222225 0.0582222222222222 0.03200000000000002 0.029111111111111133 0.1446666666666666 0.19222222222222218 0.0357777777777778 0.08733333333333328
0.11523809523809514 0.07174603174603168 0.03269841269841263 0.04095238095238088 0.03999999999999994 0.04698412698412691 0.06095238095238088 0.03999999999999993 0.20253968253968224 0.08476190476190469 0.09682539682539672 0.03333333333333327 0.03492063492063486 0.058095238095238005 0.040952380952380886
0.10164609053497937 0.12139917695473226 0.04032921810699593 0.041563786008230484 0.04279835390946506 0.04320987654320992 0.06666666666666668 0.04074074074074077 0.07489711934156378 0.04362139917695478 0.05185185185185191 0.06172839506172843 0.05679012345679018 0.04115226337448565 0.17160493827160486
0.22083333333333338 0.06157407407407409 0.045370370370370325 0.04398148148148143 0.05185185185185186 0.04999999999999997 0.09120370370370373 0.04999999999999999 0.04351851851851846 0.06481481481481485 0.04398148148148144 0.09166666666666665 0.043518518518518456 0.05092592592592592 0.04675925925925923
0.12307692307692293 0.07264957264957259 0.04316239316239313 0.053846153846153794 0.043162393162393134 0.04401709401709397 0.06282051282051275 0.04572649572649568 0.04572649572649568 0.06068376068376065 0.04145299145299142 0.0525641025641025 0.10341880341880327 0.06282051282051278 0.14487179487179466
