0.03991769547325108 0.05720164609053502 0.04444444444444448 0.05349794238683134 0.20617283950617285 0.061728395061728475 0.10617283950617282 0.04855967078189306 0.050617283950617334 0.04979423868312763 0.05061728395061734 0.06666666666666671 0.055555555555555615 0.05061728395061732 0.05843621399176962
0.10582010582010572 0.07460317460317453 0.07883597883597872 0.04920634920634913 0.052380952380952306 0.04814814814814808 0.06455026455026447 0.10952380952380938 0.05238095238095231 0.07195767195767185 0.07671957671957662 0.04973544973544966 0.052380952380952306 0.05026455026455019 0.06349206349206342
0.08859649122807017 0.11754385964912281 0.06578947368421045 0.04152046783625732 0.03187134502923975 0.03157894736842104 0.06988304093567249 0.07660818713450285 0.05526315789473683 0.046783625730994156 0.12923976608187138 0.05409356725146196 0.06052631578947366 0.06169590643274848 0.06900584795321629
0.05526315789473679 0.07748538011695906 0.05146198830409353 0.04064327485380116 0.04619883040935672 0.03859649122807016 0.135672514619883 0.07719298245614027 0.13274853801169584 0.032163742690058464 0.06198830409356719 0.12602339181286543 0.03596491228070176 0.057017543859649036 0.031578947368421026
0.032692307692307666 0.03247863247863246 0.02478632478632477 0.08055555555555542 0.048076923076923024 0.03568376068376065 0.3655982905982904 0.02264957264957263 0.03311965811965808 0.06602564102564094 0.03440170940170937 0.09807692307692302 0.05726495726495721 0.024145299145299132 0.04444444444444442
0.23914529914529897 0.0393162393162393 0.04393162393162389 0.07589743589743582 0.029401709401709376 0.02769230769230766 0.02341880341880339 0.03538461538461534 0.1052991452991452 0.03367521367521365 0.03128205128205125 0.022222222222222192 0.0468376068376068 0.031111111111111076 0.21538461538461512
0.04311111111111114 0.06400000000000004 0.08311111111111118 0.14444444444444432 0.05111111111111115 0.048000000000000036 0.05422222222222225 0.11244444444444443 0.05777777777777782 0.04888888888888892 0.08177777777777784 0.06844444444444449 0.0466666666666667 0.046222222222222255 0.0497777777777778
0.0891472868217055 0.0850129198966409 0.05348837209302331 0.0410852713178295 0.06614987080103367 0.07855297157622747 0.07519379844961248 0.14108527131782964 0.059173126614987144 0.04186046511627911 0.041602067183462564 0.030232558139534918 0.03850129198966413 0.03462532299741605 0.12428940568475466
0.0293447293447293 0.049002849002848944 0.031054131054131004 0.029059829059829012 0.20256410256410232 0.07635327635327625 0.04131054131054127 0.028205128205128153 0.037606837606837556 0.06894586894586885 0.08603988603988594 0.1455840455840454 0.03732193732193727 0.10341880341880329 0.034188034188034136
0.23133903133903128 0.04401709401709396 0.09957264957264947 0.02165242165242162 0.06438746438746432 0.042877492877492845 0.03461538461538457 0.03290598290598288 0.12008547008546998 0.06068376068376061 0.07549857549857542 0.028632478632478593 0.04230769230769227 0.03703703703703701 0.06438746438746433
0.27560975609756094 0.049322493224932276 0.17425474254742537 0.030081300813008152 0.060975609756097594 0.035772357723577265 0.03035230352303525 0.033333333333333354 0.07371273712737134 0.041192411924119265 0.044173441734417375 0.027913279132791347 0.04254742547425477 0.03658536585365856 0.044173441734417375
0.03576388888888889 0.04131944444444444 0.033680555555555554 0.03888888888888889 0.05381944444444445 0.03958333333333333 0.2861111111111111 0.036458333333333336 0.035069444444444445 0.06666666666666667 0.03784722222222222 0.09409722222222222 0.10798611111111112 0.05625 0.036458333333333336
0.24841269841269845 0.04444444444444441 0.15079365079365076 0.043253968253968246 0.04047619047619044 0.03769841269841267 0.03730158730158728 0.0769841269841269 0.06349206349206345 0.04484126984126983 0.038095238095238064 0.04087301587301585 0.049603174603174566 0.03809523809523807 0.04563492063492062
0.054589371980676406 0.08067632850241546 0.045893719806763364 0.05265700483091797 0.1159420289855073 0.045410628019323745 0.07246376811594216 0.04782608695652183 0.0507246376811595 0.04927536231884067 0.08212560386473441 0.11835748792270538 0.05265700483091796 0.05072463768115953 0.0806763285024156
0.2747863247863249 0.06452991452991447 0.0538461538461538 0.04273504273504271 0.041880341880341836 0.045299145299145284 0.042735042735042694 0.040170940170940125 0.0713675213675213 0.04102564102564099 0.07478632478632471 0.046581196581196554 0.04145299145299142 0.040170940170940125 0.07863247863247856
0.04363143631436317 0.07913279132791334 0.03848238482384826 0.09972899728997289 0.1078590785907859 0.02899728997289975 0.08617886178861796 0.04525745257452578 0.03495934959349596 0.04850948509485098 0.057723577235772386 0.05013550135501359 0.19186991869918688 0.056910569105691096 0.030623306233062354
0.06555555555555546 0.1188888888888889 0.06611111111111102 0.05611111111111102 0.05444444444444436 0.06222222222222213 0.05277777777777768 0.059999999999999915 0.05833333333333324 0.053888888888888806 0.0872222222222221 0.052222222222222135 0.054999999999999924 0.05333333333333323 0.10388888888888889
0.03974358974358971 0.11004273504273504 0.08141025641025633 0.08589743589743581 0.03119658119658116 0.023504273504273483 0.10021367521367518 0.13311965811965812 0.03461538461538459 0.08931623931623928 0.04551282051282047 0.03824786324786321 0.05598290598290593 0.027777777777777762 0.10341880341880343
0.21666666666666662 0.04822222222222223 0.0693333333333333 0.02933333333333335 0.031777777777777794 0.02800000000000002 0.02422222222222224 0.05511111111111114 0.04733333333333335 0.2186666666666667 0.03733333333333336 0.02444444444444446 0.06955555555555554 0.03200000000000002 0.06799999999999992
0.1232638888888889 0.08472222222222223 0.057291666666666664 0.035069444444444445 0.12048611111111111 0.03611111111111111 0.06111111111111111 0.03680555555555556 0.10173611111111111 0.05659722222222222 0.09652777777777778 0.03923611111111111 0.03819444444444445 0.04131944444444444 0.07152777777777777
0.039444444444444386 0.030555555555555516 0.029722222222222174 0.03972222222222217 0.03527777777777773 0.02972222222222217 0.02833333333333329 0.07166666666666661 0.038611111111111075 0.06888888888888892 0.033888888888888836 0.029166666666666632 0.04111111111111108 0.03333333333333329 0.4505555555555556
0.04285714285714282 0.03857142857142853 0.03142857142857138 0.056349206349206274 0.047142857142857104 0.4150793650793648 0.043809523809523764 0.042222222222222154 0.03158730158730155 0.0482539682539682 0.05777777777777771 0.04269841269841266 0.0336507936507936 0.041587301587301555 0.026984126984126937
0.05185185185185186 0.046502057613168765 0.025720164609053523 0.028395061728395083 0.045061728395061736 0.2275720164609054 0.12489711934156382 0.03662551440329219 0.06028806584362137 0.050205761316872446 0.03888888888888889 0.044444444444444474 0.04115226337448562 0.10432098765432098 0.07407407407407406
0.07777777777777785 0.03181818181818183 0.035353535353535394 0.02651515151515153 0.23030303030303037 0.03131313131313133 0.07373737373737375 0.05227272727272731 0.1156565656565657 0.03989898989898993 0.06717171717171717 0.0840909090909091 0.06111111111111116 0.045202020202020216 0.027777777777777797
0.07829457364341094 0.06899224806201558 0.14547803617571076 0.029974160206718378 0.07286821705426365 0.03255813953488376 0.03126614987080107 0.03307493540051683 0.10801033591731275 0.056847545219638286 0.04909560723514217 0.03126614987080106 0.05245478036175716 0.035400516795865665 0.174418604651163
0.02380952380952378 0.060670194003527286 0.027689594356260984 0.019576719576719536 0.027689594356260984 0.02363315696649027 0.02680776014109344 0.01940035273368603 0.02821869488536152 0.19453262786596107 0.07178130511463837 0.030158730158730135 0.09312169312169305 0.32716049382716006 0.02574955908289238
0.0436781609195402 0.06321839080459761 0.06704980842911873 0.038314176245210683 0.14750957854406138 0.05249042145593864 0.04559386973180073 0.03639846743295015 0.0482758620689655 0.05708812260536391 0.11034482758620698 0.07088122605363982 0.12145593869731813 0.046360153256704936 0.051340996168582335
0.0446859903381643 0.06521739130434784 0.052415458937198026 0.026086956521739178 0.13357487922705308 0.031642512077294724 0.03478260869565223 0.02777777777777781 0.04637681159420295 0.044202898550724685 0.09782608695652176 0.291304347826087 0.025603864734299563 0.05144927536231886 0.027053140096618404
0.05085470085470082 0.060683760683760614 0.041025641025640984 0.042735042735042694 0.04658119658119653 0.1705128205128203 0.08162393162393153 0.06709401709401704 0.0444444444444444 0.054700854700854645 0.05683760683760678 0.09145299145299136 0.05811965811965806 0.09188034188034178 0.0414529914529914
0.049042145593869685 0.06590038314176241 0.07088122605363982 0.04559386973180072 0.05900383141762447 0.04291187739463594 0.04597701149425284 0.04482758620689653 0.12681992337164757 0.04827586206896547 0.13831417624521078 0.09463601532567051 0.06015325670498079 0.06666666666666664 0.04099616858237543
0.041880341880341836 0.055982905982905944 0.0811965811965811 0.04102564102564099 0.05683760683760678 0.05512820512820508 0.25769230769230783 0.044444444444444405 0.04230769230769226 0.04017094017094014 0.09999999999999987 0.04273504273504269 0.05128205128205124 0.05042735042735039 0.038888888888888855
0.320754716981132 0.05639412997903575 0.08155136268343821 0.02788259958071282 0.03417190775681347 0.024528301886792465 0.03018867924528306 0.033752620545073414 0.04297693920335437 0.16121593291404615 0.04465408805031452 0.024947589098532515 0.039412997903564 0.03144654088050318 0.04612159329140469
0.08754208754208748 0.050841750841750806 0.08552188552188547 0.03905723905723903 0.15252525252525254 0.034343434343434315 0.03670033670033667 0.03905723905723903 0.057912457912457874 0.08013468013468009 0.07171717171717168 0.05117845117845115 0.0939393939393939 0.061952861952861905 0.05757575757575754
0.07325800376647823 0.09736346516007531 0.13785310734463269 0.030885122410546105 0.10094161958568731 0.026365348399246674 0.02354048964218453 0.03615819209039544 0.05065913370998111 0.13898305084745763 0.047080979284369086 0.0348399246704331 0.028060263653483953 0.04369114877589448 0.13032015065913372
0.052303523035230386 0.06233062330623311 0.08184281842818433 0.02899728997289975 0.064769647696477 0.03360433604336046 0.03414634146341466 0.03089430894308945 0.09051490514905156 0.17560975609756083 0.05392953929539299 0.08509485094850953 0.12601626016260162 0.039295392953929566 0.040650406504065074
0.054761904761904734 0.04801587301587299 0.04166666666666663 0.13769841269841274 0.06150793650793645 0.11468253968253966 0.05079365079365077 0.04047619047619046 0.04841269841269838 0.055555555555555504 0.0456349206349206 0.14325396825396824 0.04523809523809522 0.051190476190476154 0.06111111111111106
0.06272401433691753 0.04838709677419351 0.04014336917562721 0.06810035842293902 0.17168458781362017 0.058422939068100324 0.05125448028673832 0.03942652329749101 0.05017921146953402 0.06308243727598561 0.07347670250896053 0.12258064516129029 0.053405017921146915 0.041218637992831514 0.055913978494623616
0.036054421768707476 0.06190476190476189 0.04648526077097503 0.02766439909297051 0.07800453514739224 0.27210884353741494 0.045124716553287925 0.07800453514739232 0.04648526077097503 0.05147392290249428 0.045351473922902445 0.09546485260770973 0.04807256235827663 0.03809523809523806 0.029705215419501125
0.03618233618233612 0.058689458689458636 0.03931623931623926 0.0897435897435896 0.07179487179487172 0.04131054131054126 0.13532763532763517 0.028205128205128153 0.04786324786324784 0.04472934472934466 0.07435897435897432 0.19800569800569773 0.05811965811965806 0.03789173789173785 0.03846153846153841
0.02888888888888885 0.08383838383838384 0.023030303030302995 0.07838383838383832 0.0933333333333333 0.032727272727272674 0.025454545454545407 0.1634343434343434 0.038383838383838347 0.0739393939393939 0.07595959595959595 0.03010101010101004 0.19151515151515153 0.031515151515151475 0.029494949494949463
0.022839506172839474 0.053086419753086415 0.049537037037037004 0.016512345679012323 0.1399691358024691 0.023148148148148116 0.024691358024691325 0.018827160493827134 0.09290123456790125 0.02777777777777775 0.03132716049382711 0.14506172839506168 0.033796296296296255 0.2884259259259259 0.03209876543209873
0.018300653594771208 0.026307189542483615 0.016993464052287546 0.06225490196078423 0.028594771241830026 0.052777777777777715 0.25375816993464057 0.021078431372548983 0.05571895424836594 0.03545751633986923 0.029738562091503225 0.2527777777777779 0.0558823529411764 0.06519607843137247 0.025163398692810427
0.02116402116402114 0.03280423280423275 0.04056437389770719 0.027336860670193974 0.046208112874779494 0.26631393298059935 0.0818342151675484 0.048148148148148086 0.04250440917107578 0.03139329805996469 0.027513227513227486 0.03932980599647263 0.02857142857142853 0.2008818342151673 0.06543209876543206
0.02912912912912914 0.06906906906906911 0.02912912912912914 0.02942942942942944 0.05885885885885892 0.23363363363363368 0.07867867867867871 0.028828828828828836 0.03303303303303307 0.05945945945945946 0.11981981981981983 0.08108108108108109 0.061561561561561576 0.05765765765765767 0.030630630630630647
0.05851851851851851 0.08962962962962957 0.041851851851851835 0.041111111111111105 0.03999999999999999 0.09555555555555552 0.048518518518518516 0.03666666666666667 0.06370370370370368 0.04925925925925924 0.11999999999999993 0.09999999999999992 0.10407407407407404 0.06703703703703699 0.04407407407407407
0.055050505050505086 0.12828282828282833 0.08686868686868694 0.04696969696969696 0.07474747474747478 0.05101010101010102 0.045454545454545435 0.05050505050505052 0.05707070707070711 0.04949494949494949 0.07777777777777788 0.12323232323232337 0.04696969696969696 0.056565656565656604 0.05000000000000001
0.07148148148148145 0.06925925925925921 0.07444444444444441 0.039999999999999994 0.03777777777777777 0.05222222222222221 0.0522222222222222 0.08111111111111101 0.04296296296296296 0.060740740740740685 0.10370370370370363 0.06185185185185183 0.039629629629629626 0.04925925925925924 0.1633333333333332
0.012462462462462475 0.014489489489489499 0.02057057057057056 0.07034534534534537 0.16186186186186183 0.29977477477477454 0.23656156156156152 0.027627627627627608 0.027627627627627622 0.020195195195195206 0.024174174174174175 0.042042042042042024 0.009684684684684693 0.02004504504504505 0.012537537537537547
0.03238095238095232 0.06285714285714275 0.0336507936507936 0.03999999999999993 0.036190476190476134 0.04158730158730151 0.0355555555555555 0.2390476190476187 0.03301587301587296 0.034285714285714225 0.05587301587301579 0.22285714285714261 0.04222222222222216 0.048571428571428515 0.04190476190476185
0.14962962962962942 0.07629629629629626 0.035061728395061685 0.02987654320987651 0.0832098765432098 0.039753086419753066 0.036543209876543185 0.027901234567901206 0.051604938271604936 0.13679012345678998 0.07283950617283944 0.03382716049382713 0.06864197530864194 0.043456790123456775 0.11456790123456782
0.23146314631463144 0.046534653465346555 0.09405940594059409 0.08503850385038511 0.047964796479648 0.016941694169416953 0.04345434543454348 0.05940594059405945 0.1222222222222222 0.06270627062706274 0.04312431243124315 0.016941694169416953 0.06204620462046209 0.033663366336633686 0.03443344334433445
0.0586666666666667 0.08533333333333339 0.0715555555555556 0.0795555555555556 0.06266666666666672 0.05333333333333337 0.062222222222222255 0.05288888888888892 0.07688888888888894 0.10444444444444445 0.05555555555555559 0.05022222222222226 0.06088888888888893 0.055555555555555594 0.07022222222222227
0.041218637992831514 0.028136200716845857 0.03602150537634406 0.06523297491039429 0.04336917562724012 0.1019713261648746 0.04516129032258062 0.020071684587813606 0.04426523297491036 0.05053763440860214 0.052688172043010746 0.09175627240143373 0.04749103942652327 0.3060931899641577 0.025985663082437258
0.035087719298245605 0.08187134502923972 0.06988304093567248 0.037719298245614014 0.05906432748538007 0.10087719298245612 0.09473684210526309 0.03596491228070173 0.05964912280701755 0.07339181286549702 0.09444444444444444 0.07017543859649118 0.06491228070175435 0.08479532163742684 0.037426900584795295
0.19861111111111107 0.02815656565656568 0.02449494949494952 0.027272727272727282 0.07171717171717172 0.018686868686868703 0.02828282828282829 0.030176767676767694 0.271969696969697 0.08851010101010102 0.019823232323232347 0.03750000000000001 0.053535353535353526 0.026136363636363655 0.07512626262626265
0.02636165577342046 0.030718954248365984 0.026579520697167725 0.029193899782135057 0.08888888888888882 0.2919389978213504 0.06013071895424827 0.024400871459694957 0.04422657952069714 0.0627450980392156 0.034422657952069675 0.11350762527233106 0.056209150326797346 0.0788671023965141 0.03180827886710236
0.25333333333333313 0.044273504273504224 0.027179487179487143 0.07025641025641019 0.10974358974358964 0.021025641025640997 0.02974358974358972 0.02341880341880339 0.11470085470085462 0.048034188034187984 0.03675213675213672 0.023076923076923044 0.028034188034188005 0.024102564102564075 0.1463247863247862
0.15822222222222215 0.06977777777777781 0.04844444444444448 0.0506666666666667 0.05244444444444448 0.045777777777777806 0.047111111111111145 0.04888888888888892 0.07377777777777783 0.1017777777777778 0.045333333333333364 0.048000000000000036 0.056444444444444485 0.045777777777777806 0.10755555555555549
0.07053140096618364 0.048792270531401054 0.04492753623188414 0.045410628019323745 0.11545893719806768 0.047826086956521824 0.05893719806763294 0.04396135265700491 0.0647342995169083 0.08115942028985515 0.04589371980676337 0.0473429951690822 0.06908212560386484 0.06425120772946867 0.15169082125603878
0.04157706093189961 0.09569892473118274 0.07060931899641572 0.04301075268817201 0.07132616487455193 0.057706093189964114 0.03978494623655911 0.06523297491039422 0.046236559139784916 0.06630824372759853 0.06774193548387093 0.040860215053763416 0.10573476702508962 0.1401433691756273 0.048028673835125414
0.0292181069958848 0.11460905349794237 0.03106995884773666 0.03559670781893006 0.051440329218107005 0.05082304526748972 0.06296296296296293 0.023662551440329246 0.08827160493827159 0.05102880658436212 0.061316872427983525 0.05267489711934155 0.13251028806584358 0.16810699588477365 0.04670781893004117
0.14126984126984132 0.05793650793650789 0.053174603174603145 0.04007936507936505 0.04365079365079364 0.06587301587301582 0.05079365079365078 0.0904761904761904 0.1253968253968254 0.04047619047619044 0.05277777777777775 0.04126984126984126 0.047619047619047596 0.04166666666666663 0.10753968253968252
0.08042328042328035 0.03259259259259257 0.0148148148148148 0.2041269841269838 0.12275132275132265 0.027407407407407373 0.013968253968253953 0.011746031746031739 0.08973544973544967 0.019788359788359768 0.04603174603174598 0.20391534391534358 0.03481481481481478 0.07661375661375652 0.021269841269841244
0.10861111111111107 0.09666666666666669 0.04888888888888882 0.043055555555555514 0.11583333333333334 0.03194444444444441 0.03444444444444439 0.03972222222222219 0.12527777777777777 0.08777777777777782 0.11277777777777782 0.04833333333333332 0.03111111111111107 0.0344444444444444 0.04111111111111106
0.04444444444444443 0.043333333333333314 0.0551851851851852 0.09888888888888875 0.04666666666666665 0.044814814814814835 0.04444444444444443 0.03851851851851852 0.04148148148148149 0.05814814814814813 0.08333333333333327 0.046666666666666676 0.08740740740740738 0.22222222222222215 0.044444444444444446
0.056888888888888926 0.11599999999999991 0.0417777777777778 0.044444444444444474 0.05111111111111115 0.06933333333333339 0.055555555555555594 0.04977777777777781 0.07422222222222227 0.05511111111111115 0.1662222222222222 0.07333333333333338 0.05422222222222226 0.046222222222222255 0.045777777777777806
0.04999999999999992 0.09320987654320992 0.040123456790123385 0.04537037037037031 0.050617283950617216 0.03487654320987648 0.042283950617283884 0.04413580246913573 0.05030864197530857 0.045061728395061666 0.32685185185185184 0.03703703703703697 0.032098765432098705 0.03179012345679006 0.07623456790123447
0.011580594679186217 0.017527386541471034 0.008841940532081368 0.11690140845070418 0.09217527386541469 0.020892018779342703 0.013145539906103273 0.008998435054773074 0.04812206572769957 0.022535211267605618 0.022222222222222206 0.08482003129890453 0.35211267605633795 0.16564945226917055 0.014475743348982774
0.027124183006535907 0.025653594771241787 0.03398692810457509 0.06078431372549012 0.0444444444444444 0.47140522875816965 0.08316993464052277 0.0191176470588235 0.033169934640522834 0.026307189542483626 0.03333333333333329 0.03692810457516335 0.024019607843137208 0.038071895424836556 0.042483660130718914
0.24566395663956636 0.03238482384823849 0.19092140921409204 0.062195121951219484 0.053794037940379395 0.025203252032520336 0.015040650406504076 0.022493224932249336 0.13482384823848229 0.026151761517615193 0.051084010840108385 0.023035230352303537 0.028319783197832 0.019783197831978336 0.06910569105691054
0.12098765432098749 0.056543209876543155 0.11876543209876532 0.03234567901234564 0.06691358024691355 0.028148148148148124 0.032839506172839476 0.039012345679012315 0.11728395061728385 0.0916049382716049 0.030123456790123414 0.03358024691358021 0.05209876543209873 0.04370370370370367 0.13604938271604924
0.03207070707070711 0.06489898989898987 0.04949494949494953 0.0815656565656566 0.04873737373737378 0.07500000000000005 0.029040404040404057 0.04292929292929296 0.053282828282828314 0.1398989898989899 0.11161616161616165 0.030303030303030325 0.05959595959595961 0.15530303030303025 0.026262626262626272
0.044017094017093986 0.08290598290598283 0.04615384615384609 0.2004273504273503 0.04615384615384613 0.048717948717948684 0.04700854700854696 0.04957264957264952 0.053418803418803375 0.06452991452991447 0.047435897435897385 0.044017094017093986 0.06495726495726488 0.049145299145299116 0.11153846153846146
0.05016835016835013 0.06531986531986528 0.05151515151515148 0.041750841750841726 0.07407407407407403 0.048148148148148114 0.07609427609427603 0.03468013468013465 0.04680134680134677 0.06531986531986528 0.043771043771043745 0.25892255892255905 0.0434343434343434 0.055555555555555525 0.04444444444444441
0.06747181964573273 0.11030595813204508 0.07037037037037042 0.023671497584541075 0.04814814814814818 0.042028985507246396 0.10450885668276974 0.024315619967793887 0.05281803542673113 0.04235104669887279 0.047342995169082136 0.128341384863124 0.05136876006441228 0.14798711755233493 0.03896940418679551
0.1351224105461393 0.09934086629001886 0.05790960451977399 0.011676082862523529 0.026271186440677937 0.017043314500941598 0.02947269303201503 0.029096045197740075 0.20489642184557444 0.1056497175141242 0.11600753295668549 0.03757062146892651 0.0209981167608286 0.020056497175141224 0.0888888888888889
0.033933933933933964 0.04654654654654659 0.04474474474474477 0.04174174174174178 0.10240240240240234 0.04924924924924929 0.22432432432432436 0.12792792792792793 0.07597597597597597 0.042942942942942965 0.04234234234234237 0.05855855855855858 0.035435435435435446 0.03903903903903907 0.03483483483483484
0.024928774928774898 0.043019943019942976 0.0565527065527065 0.021937321937321914 0.02663817663817662 0.059971509971509906 0.04358974358974356 0.02564102564102562 0.0723646723646723 0.09458689458689455 0.023504273504273476 0.02421652421652419 0.23290598290598286 0.12934472934472918 0.12079772079772066
0.02398589065255729 0.03121693121693117 0.01992945326278656 0.15238095238095217 0.026984126984126947 0.5162257495590828 0.029453262786596074 0.021340388007054643 0.03527336860670189 0.021693121693121657 0.027160493827160452 0.02292768959435624 0.024338624338624312 0.020105820105820068 0.026984126984126947
0.09212962962962962 0.11574074074074073 0.0472222222222222 0.045370370370370325 0.04999999999999997 0.0662037037037037 0.048148148148148114 0.10787037037037035 0.05879629629629628 0.055555555555555566 0.08194444444444444 0.07314814814814813 0.04398148148148141 0.059259259259259255 0.054629629629629646
0.038683127572016494 0.08353909465020579 0.0670781893004116 0.03950617283950622 0.04320987654320991 0.046090534979423906 0.09300411522633743 0.08930041152263385 0.061728395061728454 0.040740740740740786 0.041975308641975365 0.16954732510288054 0.08148148148148157 0.065843621399177 0.03827160493827164
0.04814814814814811 0.06878306878306871 0.09894179894179884 0.034391534391534355 0.035185185185185146 0.16613756613756595 0.06931216931216923 0.036507936507936475 0.039417989417989366 0.04021164021164017 0.0761904761904761 0.07910052910052903 0.052645502645502606 0.12619047619047602 0.028835978835978788
0.04804804804804806 0.12522522522522522 0.055555555555555594 0.046846846846846875 0.040540540540540564 0.24774774774774777 0.0531531531531532 0.03813813813813818 0.06876876876876875 0.04504504504504509 0.052852852852852926 0.04204204204204208 0.047147147147147156 0.036636636636636674 0.05225225225225226
0.12098765432098756 0.05209876543209875 0.025925925925925884 0.31654320987654283 0.031358024691358 0.026419753086419712 0.02962962962962959 0.056296296296296275 0.1086419753086419 0.032345679012345634 0.04666666666666665 0.02543209876543206 0.040987654320987645 0.03283950617283947 0.053827160493827124
0.10909090909090907 0.05454545454545451 0.06026936026936022 0.041750841750841726 0.2060606060606061 0.031986531986531966 0.054882154882154845 0.0397306397306397 0.04377104377104374 0.056902356902356864 0.04478114478114475 0.11245791245791253 0.06767676767676764 0.03872053872053869 0.037373737373737344
0.03614814814814815 0.04059259259259261 0.03140740740740743 0.07437037037037043 0.047111111111111104 0.024592592592592593 0.323851851851852 0.026962962962962946 0.023555555555555566 0.027703703703703703 0.06488888888888891 0.13762962962962963 0.04029629629629631 0.07125925925925929 0.029629629629629624
0.03601532567049805 0.03793103448275858 0.03601532567049805 0.040996168582375446 0.09655172413793107 0.052873563218390734 0.05938697318007658 0.035632183908045935 0.11532567049808434 0.04521072796934863 0.03793103448275857 0.10229885057471268 0.12720306513409974 0.13946360153256715 0.03716475095785438
0.23082437275985673 0.04874551971326162 0.03655913978494621 0.03835125448028671 0.04695340501792111 0.03799283154121861 0.054480286738351216 0.035842293906810006 0.06774193548387093 0.11218637992831544 0.04301075268817201 0.04731182795698922 0.07419354838709671 0.04086021505376341 0.08494623655913973
0.06787878787878784 0.18323232323232314 0.05070707070707067 0.027272727272727233 0.03878787878787872 0.09858585858585857 0.05959595959595956 0.04444444444444439 0.04727272727272724 0.024444444444444394 0.13191919191919188 0.10404040404040397 0.03171717171717168 0.05919191919191919 0.030909090909090855
0.021111111111111126 0.07811111111111105 0.065 0.11044444444444441 0.034999999999999976 0.08766666666666666 0.1365555555555555 0.07666666666666667 0.02977777777777777 0.0503333333333333 0.04 0.05699999999999997 0.06677777777777776 0.07977777777777774 0.06577777777777777
0.0715873015873015 0.03984126984126979 0.02777777777777774 0.019999999999999966 0.05206349206349202 0.02619047619047616 0.06222222222222215 0.027460317460317428 0.14714285714285696 0.04841269841269838 0.041746031746031705 0.2526984126984126 0.07206349206349201 0.05126984126984123 0.05952380952380947
0.05277777777777769 0.07277777777777768 0.05166666666666658 0.04999999999999991 0.08611111111111105 0.05555555555555547 0.052222222222222135 0.05166666666666657 0.053333333333333253 0.05444444444444436 0.16166666666666657 0.06722222222222213 0.07722222222222214 0.06333333333333324 0.04999999999999991
0.01977573904179408 0.05565749235474008 0.062079510703363906 0.017635066258919457 0.024668705402650353 0.05208970438328239 0.014576962283384284 0.015596330275229331 0.041590214067278294 0.04607543323139655 0.028440366972477094 0.06075433231396534 0.16605504587155964 0.21304791029561676 0.1819571865443425
0.12323232323232326 0.041077441077441046 0.03771043771043769 0.07239057239057234 0.040067340067340036 0.04107744107744105 0.03400673400673398 0.035353535353535324 0.08047138047138042 0.13434343434343438 0.041750841750841726 0.03535353535353533 0.06868686868686864 0.04208754208754206 0.1723905723905725
0.04397163120567375 0.1543735224586289 0.02860520094562647 0.027423167848699758 0.048699763593380616 0.23262411347517736 0.02955082742316785 0.06855791962174937 0.06430260047281325 0.04633569739952721 0.0680851063829786 0.030023640661938546 0.048463356973995286 0.04444444444444443 0.06453900709219856
0.1564405113077679 0.03431661750245818 0.047394296951819036 0.060275319567354976 0.16627335299901672 0.02576204523107178 0.07482792527040313 0.03146509341199607 0.03736479842674531 0.055555555555555525 0.03038348082595869 0.03323500491642082 0.036184857423795486 0.023107177974434626 0.18741396263520152
0.06313131313131316 0.1742424242424243 0.0969696969696971 0.054040404040404076 0.05101010101010104 0.04696969696969696 0.05252525252525254 0.05959595959595966 0.06111111111111116 0.05050505050505052 0.09343434343434352 0.05 0.05000000000000002 0.04646464646464645 0.05000000000000002
0.010746812386156645 0.028825136612021865 0.008151183970856096 0.06088342440801458 0.055327868852459015 0.04193989071038252 0.019080145719489978 0.018715846994535514 0.027049180327868856 0.02645719489981784 0.04253187613843352 0.10204918032786892 0.025045537340619307 0.5225409836065575 0.010655737704918025
0.040873015873015846 0.0753968253968253 0.04960317460317457 0.04642857142857141 0.0468253968253968 0.05912698412698408 0.05039682539682536 0.14523809523809525 0.05436507936507931 0.0658730158730158 0.05833333333333331 0.061904761904761865 0.04126984126984124 0.050396825396825384 0.1539682539682539
0.052564102564102516 0.06111111111111101 0.041880341880341836 0.09871794871794862 0.08717948717948709 0.05341880341880337 0.04487179487179483 0.06111111111111106 0.09059829059829055 0.06794871794871787 0.058974358974358924 0.055555555555555525 0.09017094017094009 0.05299145299145296 0.08290598290598283
0.016764132553606252 0.024366471734892804 0.01949317738791425 0.2245614035087718 0.038791423001949314 0.09230019493177384 0.10360623781676417 0.04756335282651073 0.01686159844054583 0.015204678362573125 0.019395711500974678 0.31900584795321635 0.02183235867446396 0.02426900584795323 0.015984405458089688
0.041741741741741764 0.04534534534534535 0.03903903903903906 0.11081081081081076 0.11441441441441443 0.03843843843843846 0.06066066066066069 0.06576576576576575 0.0393393393393394 0.04324324324324327 0.036036036036036084 0.06996996996996999 0.14774774774774777 0.11681681681681683 0.030630630630630644
0.1466003316749585 0.04328358208955224 0.08142620232172472 0.02271973466003319 0.025538971807628527 0.07777777777777778 0.02106135986733004 0.040961857379767846 0.07412935323383082 0.0669983416252073 0.026865671641791038 0.0252072968490879 0.027197346600331684 0.02520729684908791 0.29502487562189056
0.24366925064599493 0.040374677002584014 0.08695090439276483 0.05555555555555557 0.0799095607235142 0.010981912144702854 0.01091731266149872 0.02790697674418607 0.13837209302325576 0.12105943152454783 0.016149870801033608 0.011369509043927658 0.0157622739018088 0.020025839793281673 0.12099483204134362
0.26006944444444446 0.08958333333333333 0.07326388888888889 0.043402777777777776 0.049305555555555554 0.03784722222222222 0.03923611111111111 0.03819444444444445 0.06979166666666667 0.040625 0.09930555555555555 0.035069444444444445 0.035416666666666666 0.034027777777777775 0.05486111111111111
0.14999999999999983 0.037037037037036986 0.10476190476190464 0.0288359788359788 0.09550264550264542 0.029894179894179862 0.02830687830687827 0.02645502645502642 0.038888888888888855 0.21428571428571425 0.031216931216931174 0.03386243386243382 0.08201058201058192 0.02936507936507932 0.06957671957671947
0.059259259259259255 0.05231481481481478 0.04629629629629627 0.04629629629629626 0.1050925925925926 0.051851851851851864 0.11666666666666672 0.04490740740740736 0.07222222222222226 0.07916666666666672 0.05324074074074076 0.05694444444444442 0.1074074074074074 0.050925925925925916 0.05740740740740742
0.1 0.05155555555555559 0.04266666666666669 0.04977777777777781 0.1573333333333333 0.06044444444444448 0.04755555555555559 0.04311111111111114 0.06400000000000004 0.06977777777777781 0.06977777777777781 0.049333333333333354 0.0844444444444445 0.046222222222222255 0.06400000000000004
0.03993055555555555 0.07395833333333333 0.03993055555555555 0.04895833333333333 0.08680555555555555 0.2 0.04513888888888889 0.11076388888888888 0.04479166666666667 0.052083333333333336 0.04826388888888889 0.04201388888888889 0.05555555555555555 0.04791666666666667 0.06388888888888888
0.055555555555555546 0.08968253968253959 0.10317460317460309 0.03809523809523808 0.10436507936507934 0.03849206349206346 0.048015873015872984 0.06825396825396822 0.06269841269841263 0.059920634920634895 0.09484126984126987 0.09523809523809518 0.055555555555555504 0.0468253968253968 0.03928571428571424
0.1213333333333333 0.046222222222222255 0.04266666666666669 0.044888888888888916 0.07866666666666672 0.044444444444444474 0.0417777777777778 0.1253333333333332 0.0466666666666667 0.07822222222222228 0.044444444444444474 0.04844444444444448 0.07866666666666673 0.04355555555555558 0.11466666666666661
0.07606837606837602 0.05726495726495722 0.044017094017093986 0.06623931623931617 0.07991452991452985 0.06452991452991445 0.04743589743589739 0.046153846153846115 0.07521367521367513 0.09401709401709392 0.05299145299145294 0.04529914529914526 0.10598290598290588 0.053418803418803375 0.09145299145299135
0.03851851851851852 0.03666666666666669 0.0362962962962963 0.038888888888888896 0.09148148148148147 0.24777777777777782 0.03962962962962962 0.035555555555555535 0.04333333333333332 0.05444444444444442 0.044814814814814814 0.05407407407407404 0.10851851851851843 0.08851851851851851 0.04148148148148148
0.034375 0.07256944444444445 0.03611111111111111 0.03333333333333333 0.08090277777777778 0.05798611111111111 0.058333333333333334 0.034722222222222224 0.0375 0.04722222222222222 0.11527777777777778 0.049305555555555554 0.08194444444444444 0.22430555555555556 0.03611111111111111
0.02878787878787881 0.041161616161616184 0.026262626262626272 0.09595959595959604 0.06489898989898993 0.3328282828282827 0.06136363636363639 0.060101010101010134 0.04696969696969704 0.05732323232323238 0.030050505050505084 0.034595959595959624 0.028535353535353563 0.025757575757575774 0.06540404040404042
0.044097222222222225 0.10520833333333333 0.036458333333333336 0.036458333333333336 0.049305555555555554 0.13784722222222223 0.05798611111111111 0.06493055555555556 0.08194444444444444 0.03993055555555555 0.08159722222222222 0.10659722222222222 0.0642361111111111 0.05347222222222222 0.03993055555555555
0.04201388888888889 0.08715277777777777 0.04375 0.04861111111111111 0.050347222222222224 0.046875 0.03888888888888889 0.05 0.07569444444444444 0.10138888888888889 0.11666666666666667 0.07083333333333333 0.04618055555555556 0.11805555555555555 0.06354166666666666
0.04943310657596363 0.08503401360544213 0.07641723356009068 0.0786848072562359 0.08321995464852608 0.034920634920634894 0.16394557823129252 0.03265306122448977 0.032879818594104285 0.037188208616779975 0.04217687074829925 0.025396825396825386 0.041269841269841234 0.03718820861678001 0.17959183673469387
0.25895061728395063 0.028292181069958827 0.05246913580246914 0.14948559670781889 0.13878600823045265 0.015226337448559678 0.018621399176954736 0.012448559670781907 0.06111111111111112 0.0397119341563786 0.09845679012345683 0.027777777777777776 0.029526748971193412 0.013065843621399193 0.05606995884773662
0.18148148148148147 0.046502057613168765 0.059670781893004156 0.046502057613168786 0.06296296296296301 0.03909465020576135 0.06008230452674901 0.04320987654320994 0.052263374485596745 0.06378600823045272 0.06913580246913585 0.13991769547325106 0.03991769547325108 0.04691358024691361 0.04855967078189305
0.03637992831541216 0.13405017921146967 0.02706093189964156 0.031182795698924713 0.02974910394265231 0.07222222222222227 0.12491039426523305 0.13315412186379935 0.07186379928315413 0.04767025089605734 0.07992831541218648 0.055913978494623665 0.0698924731182796 0.05125448028673835 0.03476702508960571
0.05686274509803911 0.05326797385620907 0.041176470588235224 0.035620915032679674 0.04705882352941169 0.07483660130718943 0.031045751633986866 0.039542483660130655 0.05686274509803914 0.06143790849673193 0.04248366013071889 0.21143790849673186 0.13235294117647042 0.060457516339869205 0.055555555555555455
0.03476702508960571 0.049103942652329716 0.06559139784946232 0.03405017921146951 0.06774193548387092 0.050896057347670214 0.2727598566308245 0.04050179211469531 0.04014336917562721 0.03620071684587811 0.047670250896057316 0.1344086021505377 0.042652329749103914 0.046236559139784916 0.037275985663082406
0.03680555555555554 0.030555555555555544 0.04513888888888886 0.02523148148148147 0.03009259259259262 0.029166666666666653 0.21944444444444453 0.03541666666666666 0.06319444444444441 0.1502314814814814 0.030324074074074073 0.10532407407407408 0.09143518518518517 0.074537037037037 0.03310185185185188
0.06010101010101012 0.06010101010101011 0.04646464646464645 0.05 0.11666666666666672 0.06212121212121218 0.07626262626262631 0.04797979797979798 0.07272727272727282 0.08585858585858586 0.08131313131313134 0.057575757575757606 0.08585858585858586 0.04747474747474746 0.04949494949494949
0.24836601307189513 0.03616557734204791 0.03616557734204789 0.21416122004357283 0.056644880174291895 0.04771241830065357 0.054030501089324535 0.02723311546840956 0.07342047930283217 0.030936819172113255 0.029193899782135047 0.026361655773420454 0.03507625272331152 0.05599128540305006 0.02854030501089321
0.1324786324786325 0.05128205128205126 0.03568376068376065 0.03119658119658117 0.08440170940170932 0.023504273504273483 0.03226495726495723 0.024358974358974342 0.06324786324786318 0.21495726495726492 0.03568376068376064 0.03440170940170938 0.11346153846153849 0.039743589743589706 0.08333333333333329
0.21612903225806457 0.050896057347670214 0.051971326164874515 0.03906810035842291 0.051971326164874515 0.04408602150537631 0.03655913978494621 0.04086021505376341 0.09390681003584225 0.06845878136200712 0.04086021505376341 0.03870967741935481 0.06057347670250893 0.04121863799283151 0.12473118279569895
0.04273504273504271 0.0615384615384615 0.046153846153846115 0.04230769230769227 0.05384615384615382 0.07094017094017088 0.06709401709401702 0.044444444444444425 0.08247863247863235 0.13547008547008535 0.06752136752136745 0.047435897435897406 0.08034188034188025 0.08376068376068369 0.07393162393162386
0.03835125448028671 0.053405017921146915 0.042652329749103914 0.03906810035842291 0.046594982078853014 0.04695340501792111 0.2189964157706095 0.04050179211469532 0.049103942652329716 0.050896057347670214 0.09068100358422934 0.08817204301075263 0.09713261648745514 0.05268817204301072 0.04480286738351252
0.02336601307189538 0.02385620915032676 0.03741830065359473 0.02238562091503264 0.19493464052287576 0.07287581699346395 0.03333333333333329 0.03496732026143785 0.03333333333333329 0.04934640522875812 0.023202614379084923 0.07696078431372544 0.12271241830065356 0.2241830065359477 0.02712418300653591
0.016004605641911356 0.027403569372481312 0.010305123776626377 0.0464018422567646 0.027806563039723682 0.06655152561888321 0.08042602187679916 0.030454807138744995 0.04219919401266556 0.03529073114565346 0.052101324122049555 0.012492803684513538 0.4583765112262524 0.08192285549798514 0.012262521588946466
