0.04355555555555558 0.031777777777777794 0.05399999999999999 0.07666666666666662 0.029555555555555578 0.06711111111111107 0.027777777777777797 0.03466666666666669 0.17755555555555558 0.2622222222222222 0.03800000000000003 0.028666666666666688 0.03866666666666669 0.045777777777777806 0.04400000000000003
0.049415204678362544 0.07368421052631573 0.03947368421052633 0.10994152046783628 0.0970760233918128 0.04678362573099414 0.036842105263157884 0.034502923976608174 0.03713450292397661 0.032456140350877155 0.05263157894736842 0.038011695906432726 0.26403508771929834 0.052631578947368376 0.035380116959064296
0.08006535947712407 0.045424836601307125 0.07287581699346395 0.05065359477124174 0.03954248366013066 0.05098039215686266 0.035294117647058754 0.03692810457516333 0.22712418300653578 0.04150326797385614 0.05784313725490187 0.11535947712418285 0.052941176470588165 0.05032679738562083 0.043137254901960714
0.05912698412698408 0.11230158730158729 0.05158730158730157 0.051190476190476154 0.09087301587301581 0.061111111111111074 0.09801587301587289 0.04325396825396822 0.04047619047619045 0.09603174603174597 0.06746031746031744 0.056349206349206316 0.06666666666666665 0.05238095238095234 0.053174603174603145
0.08781362007168451 0.06881720430107523 0.04229390681003581 0.046236559139784916 0.09569892473118274 0.04301075268817201 0.07813620071684582 0.03691756272401431 0.08279569892473113 0.06379928315412181 0.051971326164874515 0.07347670250896052 0.04193548387096771 0.05268817204301072 0.1344086021505377
0.04250440917107579 0.13809523809523797 0.12504409171075823 0.16560846560846545 0.13403880070546725 0.027689594356260987 0.02557319223985888 0.025220458553791847 0.028042328042327994 0.07883597883597876 0.06384479717813044 0.023456790123456767 0.05097001763668427 0.04497354497354495 0.0261022927689594
0.045098039215686204 0.12385620915032663 0.04281045751633978 0.06764705882352932 0.05098039215686268 0.04640522875816987 0.09673202614379073 0.039542483660130655 0.03888888888888881 0.08627450980392146 0.041176470588235224 0.12320261437908481 0.038562091503267906 0.04607843137254893 0.11274509803921556
0.058333333333333334 0.046875 0.09965277777777778 0.03715277777777778 0.08055555555555556 0.06944444444444445 0.06805555555555555 0.05381944444444445 0.03680555555555556 0.09513888888888888 0.03923611111111111 0.040625 0.05798611111111111 0.071875 0.14444444444444443
0.0598412698412698 0.02809523809523806 0.0306349206349206 0.09126984126984118 0.04492063492063487 0.05619047619047613 0.02904761904761902 0.26873015873015876 0.10984126984126967 0.029999999999999964 0.03492063492063487 0.14555555555555538 0.022539682539682512 0.018253968253968224 0.03015873015873012
0.06402116402116394 0.06349206349206342 0.051322751322751256 0.05449735449735443 0.05343915343915337 0.053439153439153377 0.06772486772486765 0.05185185185185179 0.18518518518518493 0.05343915343915337 0.07724867724867715 0.05132275132275125 0.052380952380952306 0.050264550264550185 0.07037037037037028
0.09547325102880663 0.08436213991769549 0.0530864197530865 0.04691358024691362 0.09094650205761315 0.04320987654320991 0.06049382716049389 0.04773662551440334 0.04567901234567904 0.05267489711934162 0.102880658436214 0.04773662551440334 0.07325102880658439 0.07489711934156378 0.08065843621399187
0.08767676767676763 0.038181818181818136 0.06848484848484845 0.12545454545454549 0.14161616161616158 0.03656565656565651 0.057171717171717124 0.04808080808080803 0.06565656565656562 0.1303030303030303 0.029090909090909042 0.03878787878787872 0.049696969696969656 0.04888888888888887 0.03434343434343427
0.04927536231884065 0.05362318840579716 0.06859903381642522 0.04927536231884067 0.058454106280193326 0.05024154589371988 0.13719806763285017 0.04637681159420299 0.045893719806763364 0.18647342995169103 0.06135265700483102 0.046376811594202975 0.04685990338164258 0.05024154589371989 0.04975845410628026
0.11742424242424246 0.07651515151515152 0.17146464646464643 0.04318181818181823 0.06338383838383836 0.039646464646464694 0.10101010101010102 0.03333333333333336 0.04090909090909093 0.029545454545454562 0.11515151515151514 0.031060606060606084 0.059343434343434365 0.04191919191919194 0.036111111111111135
0.06111111111111103 0.08611111111111104 0.071111111111111 0.05888888888888879 0.06722222222222213 0.06833333333333323 0.07111111111111103 0.06888888888888879 0.05222222222222214 0.06388888888888879 0.0688888888888888 0.05611111111111101 0.08499999999999996 0.05888888888888882 0.06222222222222214
0.04572649572649569 0.06880341880341875 0.04743589743589739 0.04358974358974356 0.04401709401709399 0.18461538461538435 0.13589743589743575 0.04188034188034183 0.03846153846153842 0.047435897435897406 0.056837606837606795 0.04059829059829055 0.054700854700854645 0.05940170940170936 0.09059829059829053
0.08055555555555555 0.036666666666666604 0.06694444444444443 0.03138888888888885 0.08000000000000004 0.27027777777777784 0.07361111111111113 0.03249999999999995 0.052499999999999936 0.08555555555555555 0.04472222222222218 0.02972222222222218 0.05166666666666664 0.02916666666666661 0.03472222222222217
0.057142857142857065 0.08063492063492063 0.07111111111111101 0.045396825396825345 0.0466666666666666 0.06253968253968244 0.07809523809523797 0.045396825396825345 0.06857142857142845 0.05174603174603166 0.07492063492063482 0.04349206349206343 0.1796825396825394 0.05460317460317453 0.039999999999999925
0.025195618153364612 0.02316118935837244 0.030203442879499193 0.021596244131455382 0.03380281690140842 0.030829420970266013 0.031924882629107955 0.05133020344287951 0.04350547730829417 0.031768388106416245 0.023161189358372435 0.03552425665101719 0.027699530516431904 0.031924882629107955 0.5583724569640063
0.097037037037037 0.028148148148148127 0.03333333333333332 0.04074074074074072 0.05444444444444444 0.03453703703703701 0.01453703703703703 0.45972222222222214 0.02268518518518518 0.05249999999999998 0.03379629629629628 0.06046296296296297 0.025092592592592576 0.015925925925925913 0.02703703703703703
0.03764172335600905 0.06530612244897957 0.03287981859410426 0.03197278911564625 0.0294784580498866 0.07687074829931968 0.02902494331065757 0.28548752834467117 0.02199546485260773 0.03854875283446709 0.10498866213151926 0.14739229024943318 0.029251700680272073 0.03174603174603173 0.03741496598639456
0.082051282051282 0.08418803418803411 0.06410256410256406 0.05256410256410254 0.05811965811965805 0.07008547008547 0.05299145299145293 0.05683760683760678 0.08461538461538454 0.09658119658119647 0.0568376068376068 0.06837606837606833 0.049145299145299096 0.06153846153846148 0.06196581196581191
0.08279569892473113 0.04014336917562721 0.04157706093189961 0.07383512544802863 0.09784946236559137 0.04408602150537631 0.04157706093189961 0.04193548387096771 0.18279569892473127 0.10645161290322579 0.03799283154121861 0.04444444444444441 0.08709677419354832 0.03906810035842291 0.03835125448028671
0.06296296296296304 0.08477366255144035 0.05267489711934163 0.04115226337448564 0.047736625514403316 0.05267489711934162 0.11893004115226326 0.16790123456790124 0.041975308641975344 0.046502057613168765 0.06913580246913584 0.04197530864197536 0.0567901234567902 0.06213991769547329 0.05267489711934164
0.03418803418803413 0.04472934472934468 0.032763532763532714 0.04700854700854695 0.035897435897435846 0.2965811965811962 0.0421652421652421 0.08917378917378906 0.04102564102564099 0.03418803418803414 0.03361823361823357 0.033048433048433 0.13418803418803396 0.07378917378917371 0.02763532763532759
0.10188679245283028 0.0870020964360588 0.05157232704402523 0.06519916142557658 0.07023060796645708 0.037526205450733804 0.053668763102725434 0.026415094339622656 0.10440251572327058 0.06415094339622653 0.05408805031446547 0.13459119496855354 0.05366876310272544 0.05555555555555561 0.04004192872117407
0.06862745098039207 0.09411764705882339 0.07941176470588225 0.1218954248366012 0.07712418300653587 0.040522875816993396 0.06830065359477117 0.034640522875816926 0.033333333333333263 0.0539215686274509 0.08921568627450971 0.05751633986928094 0.07287581699346395 0.06111111111111102 0.0473856209150326
0.038148148148148146 0.04407407407407405 0.03814814814814814 0.03444444444444444 0.047407407407407384 0.036666666666666646 0.03629629629629627 0.437407407407407 0.03444444444444444 0.040740740740740744 0.04888888888888889 0.03777777777777777 0.03629629629629629 0.03703703703703704 0.052222222222222205
0.06148148148148147 0.04333333333333333 0.0462962962962963 0.03888888888888888 0.055555555555555546 0.19037037037037008 0.05370370370370367 0.05037037037037036 0.172222222222222 0.04407407407407406 0.03814814814814814 0.042222222222222223 0.03629629629629628 0.038888888888888896 0.08814814814814809
0.04358974358974354 0.04586894586894583 0.041310541310541245 0.11595441595441584 0.06068376068376061 0.05384615384615377 0.0920227920227919 0.0940170940170939 0.055555555555555476 0.15327635327635306 0.07150997150997146 0.03846153846153842 0.04700854700854695 0.053276353276353244 0.033618233618233566
0.03765432098765427 0.050308641975308564 0.03703703703703697 0.035802469135802414 0.0438271604938271 0.08703703703703693 0.1925925925925926 0.0401234567901234 0.03240740740740735 0.036111111111111045 0.069753086419753 0.03796296296296291 0.06080246913580239 0.06851851851851844 0.17006172839506167
0.10844444444444444 0.04400000000000003 0.08800000000000006 0.05555555555555559 0.06088888888888893 0.06133333333333338 0.0946666666666667 0.05200000000000004 0.10444444444444446 0.06933333333333339 0.05022222222222226 0.04755555555555559 0.04977777777777781 0.05377777777777781 0.06000000000000003
0.05035460992907801 0.04278959810874705 0.07234042553191489 0.03806146572104019 0.04373522458628844 0.3690307328605201 0.04586288416075649 0.025295508274231673 0.026004728132387696 0.06453900709219856 0.028368794326241138 0.034278959810874726 0.06808510638297868 0.03522458628841608 0.056028368794326225
0.04942528735632186 0.024521072796934835 0.027011494252873552 0.026245210727969325 0.0467432950191571 0.02777777777777775 0.08409961685823755 0.2478927203065134 0.20498084291187754 0.026245210727969325 0.02681992337164748 0.07911877394636022 0.024904214559386947 0.0346743295019157 0.06954022988505747
0.21072351421188634 0.05878552971576232 0.04496124031007754 0.163049095607235 0.04638242894056851 0.03940568475452199 0.03385012919896645 0.025193798449612417 0.013307493540051693 0.03759689922480623 0.02894056847545222 0.02144702842377263 0.0671834625322998 0.0850129198966409 0.12416020671834614
0.06308243727598563 0.048028673835125414 0.04982078853046591 0.06093189964157702 0.04121863799283151 0.04193548387096771 0.06702508960573472 0.05017921146953402 0.22974910394265247 0.04551971326164871 0.04874551971326162 0.13261648745519722 0.03548387096774191 0.04480286738351252 0.04086021505376341
0.06328502415458946 0.08985507246376818 0.07391304347826096 0.05942028985507256 0.061352657004831 0.06859903381642522 0.07198067632850252 0.051207729468599125 0.06280193236714986 0.05748792270531409 0.09275362318840591 0.05265700483091795 0.05990338164251215 0.05507246376811603 0.07971014492753632
0.0592592592592592 0.0505291005291005 0.09312169312169306 0.07169312169312163 0.09497354497354488 0.03677248677248674 0.03333333333333329 0.07010582010582006 0.25687830687830676 0.06666666666666661 0.02936507936507933 0.03174603174603171 0.027513227513227465 0.04629629629629625 0.031746031746031717
0.0515015015015015 0.05105105105105105 0.028228228228228246 0.0370870870870871 0.06366366366366366 0.04264264264264266 0.1333333333333333 0.0713213213213213 0.027927927927927948 0.0806306306306306 0.04999999999999997 0.0232732732732733 0.19849849849849857 0.07042042042042042 0.0704204204204204
0.056746031746031704 0.12301587301587301 0.048809523809523775 0.044444444444444425 0.06626984126984121 0.07460317460317456 0.11666666666666664 0.06071428571428569 0.037698412698412676 0.057142857142857106 0.06230158730158725 0.053968253968253936 0.06507936507936504 0.05793650793650791 0.07460317460317453
0.05590277777777778 0.04756944444444444 0.04583333333333333 0.08923611111111111 0.09131944444444444 0.04097222222222222 0.14131944444444444 0.04583333333333333 0.03576388888888889 0.0642361111111111 0.04236111111111111 0.05486111111111111 0.05416666666666667 0.05659722222222222 0.13402777777777777
0.04783427495291897 0.11789077212806022 0.08964218455743869 0.15009416195856876 0.05291902071563085 0.04086629001883235 0.03239171374764591 0.02843691148775891 0.020338983050847425 0.05461393596986814 0.05178907721280598 0.02919020715630881 0.1259887005649717 0.09962335216572502 0.058380414312617625
0.04654088050314474 0.028511530398322885 0.04067085953878412 0.09517819706498959 0.0534591194968554 0.053249475890985394 0.030607966457023114 0.02327044025157233 0.14696016771488474 0.22117400419287203 0.0287211740041929 0.1207547169811321 0.03249475890985328 0.03962264150943403 0.038784067085953944
0.04329501915708809 0.0444444444444444 0.039080459770114914 0.0731800766283525 0.05095785440613024 0.05249042145593863 0.03869731800766281 0.03754789272030645 0.16321839080459774 0.04137931034482752 0.045210727969348614 0.1950191570881228 0.04942528735632182 0.08314176245210729 0.042911877394635985
0.07158119658119656 0.020940170940170928 0.04722222222222222 0.04775641025641023 0.0254273504273504 0.072008547008547 0.01805555555555554 0.38055555555555554 0.02478632478632476 0.029594017094017072 0.0730769230769231 0.12435897435897429 0.021260683760683748 0.014957264957264944 0.028418803418803398
0.058751902587519056 0.030289193302891957 0.04657534246575344 0.04109589041095893 0.11415525114155245 0.3479452054794522 0.018264840182648436 0.020852359208523612 0.0432267884322679 0.04185692541856929 0.02267884322678846 0.0968036529680365 0.0371385083713851 0.04414003044140032 0.03622526636225269
0.06313131313131318 0.06868686868686877 0.05 0.05151515151515154 0.10505050505050509 0.05202020202020203 0.05303030303030306 0.05000000000000001 0.19494949494949484 0.05050505050505051 0.05101010101010102 0.05202020202020205 0.04949494949494949 0.055050505050505086 0.05353535353535355
0.07239057239057235 0.07878787878787873 0.05387205387205384 0.04915824915824914 0.07878787878787873 0.059932659932659886 0.04915824915824912 0.0572390572390572 0.07474747474747469 0.07441077441077436 0.04175084175084172 0.04141414141414138 0.072053872053872 0.11515151515151519 0.08114478114478109
0.022943722943722916 0.0362193362193362 0.044011544011543974 0.22453102453102455 0.03968253968253964 0.03333333333333331 0.02178932178932175 0.021356421356421334 0.07070707070707061 0.29870129870129863 0.03318903318903317 0.02164502164502161 0.05555555555555554 0.024963924963924928 0.051370851370851345
0.0996415770609319 0.05663082437275982 0.057706093189964114 0.04695340501792111 0.04336917562724012 0.039784946236559114 0.03655913978494621 0.14157706093189976 0.170967741935484 0.042652329749103914 0.049103942652329716 0.04050179211469531 0.046236559139784916 0.04731182795698922 0.08100358422939062
0.08758169934640511 0.07712418300653585 0.11601307189542472 0.04607843137254897 0.16732026143790835 0.04215686274509797 0.07124183006535935 0.03594771241830059 0.051307189542483575 0.05522875816993454 0.057189542483660046 0.03790849673202607 0.04967320261437902 0.06732026143790838 0.03790849673202607
0.06124661246612469 0.045799457994579976 0.0607046070460705 0.037398373983739866 0.039837398373983764 0.24065040650406497 0.03414634146341466 0.031436314363143654 0.029268292682926845 0.062059620596206 0.04254742547425477 0.09024390243902444 0.15907859078590783 0.030081300813008152 0.03550135501355016
0.06779388083735914 0.05764895330112727 0.04734299516908217 0.02093397745571659 0.045410628019323704 0.05507246376811599 0.06457326892109506 0.02093397745571657 0.24267310789049906 0.1880837359098228 0.020611916264090185 0.0579710144927537 0.05120772946859906 0.03880837359098232 0.020933977455716585
0.03209876543209874 0.13580246913580232 0.05209876543209874 0.07999999999999992 0.03975308641975306 0.08074074074074065 0.033580246913580206 0.02938271604938268 0.02641975308641972 0.03283950617283949 0.12074074074074062 0.032839506172839476 0.24197530864197503 0.031851851851851805 0.02987654320987651
0.0968253968253968 0.0587301587301587 0.11309523809523812 0.06388888888888884 0.04920634920634918 0.08888888888888881 0.05198412698412696 0.04285714285714284 0.03849206349206348 0.05357142857142855 0.06230158730158725 0.08650793650793641 0.06785714285714281 0.06309523809523807 0.06269841269841264
0.034195402298850576 0.29578544061302675 0.1389846743295019 0.11791187739463602 0.02749042145593871 0.04061302681992339 0.07691570881226056 0.05019157088122607 0.029885057471264385 0.05363984674329507 0.02720306513409962 0.019444444444444434 0.05000000000000004 0.018390804597701146 0.0193486590038314
0.03148148148148146 0.1456228956228957 0.030639730639730623 0.03989898989898987 0.03282828282828281 0.02205387205387204 0.028956228956228937 0.0478114478114478 0.022390572390572374 0.03131313131313129 0.385016835016835 0.09730639730639738 0.02895622895622894 0.02777777777777776 0.02794612794612793
0.07037037037037029 0.09197530864197526 0.07499999999999993 0.04660493827160489 0.07654320987654313 0.06790123456790118 0.07345679012345671 0.03456790123456785 0.033024691358024626 0.04660493827160487 0.06574074074074068 0.04135802469135796 0.06419753086419748 0.04320987654320982 0.16944444444444445
0.0444444444444445 0.12620545073375272 0.05387840670859548 0.028301886792452866 0.058700209643605915 0.05849056603773592 0.03668763102725372 0.02704402515723273 0.0238993710691824 0.05387840670859546 0.22117400419287211 0.02997903563941305 0.08721174004192876 0.10083857442348011 0.04926624737945495
0.09849849849849845 0.15345345345345338 0.036636636636636646 0.04114114114114118 0.0933933933933934 0.07117117117117117 0.0945945945945945 0.03423423423423426 0.02912912912912913 0.057357357357357405 0.05465465465465468 0.03453453453453456 0.09879879879879876 0.04534534534534538 0.05705705705705712
0.07479674796747973 0.24986449864498633 0.1420054200542004 0.05013550135501359 0.056910569105691096 0.03523035230352305 0.06964769647696481 0.032791327913279156 0.05176151761517619 0.043902439024390276 0.0617886178861789 0.031436314363143654 0.030081300813008152 0.033333333333333354 0.036314363143631456
0.06460481099656354 0.0730813287514318 0.049713631156930074 0.041809851088201566 0.0342497136311569 0.07376861397479946 0.03390607101947305 0.07250859106529203 0.01672394043528063 0.042497136311569275 0.23654066437571572 0.07983963344788078 0.07731958762886589 0.06597938144329892 0.03745704467353948
0.04567901234567901 0.1131313131313132 0.05263748597081931 0.05555555555555552 0.029629629629629613 0.03164983164983163 0.0313131313131313 0.02469135802469135 0.18237934904601572 0.029741863075196384 0.27497194163860844 0.05667789001122333 0.021436588103254765 0.017283950617283945 0.033221099887766545
0.05820105820105812 0.06243386243386235 0.0671957671957671 0.05185185185185179 0.06507936507936503 0.0687830687830687 0.12275132275132261 0.05449735449735443 0.05343915343915337 0.058730158730158646 0.058201058201058115 0.06455026455026448 0.061375661375661285 0.05873015873015866 0.09417989417989406
0.08222222222222214 0.039682539682539625 0.2031746031746031 0.03841269841269835 0.1053968253968253 0.04571428571428566 0.042222222222222154 0.04571428571428565 0.07015873015873005 0.04063492063492057 0.036507936507936455 0.1136507936507935 0.03777777777777773 0.04634920634920629 0.05238095238095231
0.05196078431372542 0.1349673202614378 0.07973856209150314 0.039542483660130655 0.04673202614379078 0.040522875816993396 0.053921568627450886 0.03888888888888883 0.06437908496732014 0.04640522875816986 0.0999999999999999 0.11666666666666653 0.0833333333333332 0.06372549019607836 0.03921568627450973
0.049652777777777775 0.11909722222222222 0.03993055555555555 0.04548611111111111 0.046875 0.06284722222222222 0.05694444444444444 0.07465277777777778 0.03680555555555556 0.07604166666666666 0.09027777777777778 0.11076388888888888 0.04131944444444444 0.036458333333333336 0.11284722222222222
0.11230158730158733 0.09404761904761907 0.06666666666666664 0.044047619047619016 0.051984126984126945 0.06388888888888887 0.049603174603174566 0.04206349206349205 0.03769841269841266 0.061111111111111054 0.07896825396825388 0.12539682539682537 0.04761904761904761 0.06785714285714281 0.056746031746031725
0.05042735042735041 0.04914529914529913 0.06752136752136749 0.15042735042735034 0.10170940170940163 0.04786324786324783 0.0935897435897435 0.04059829059829056 0.04230769230769228 0.12777777777777768 0.04786324786324782 0.04572649572649568 0.04444444444444441 0.045299145299145256 0.04529914529914526
0.07111111111111115 0.044888888888888916 0.04844444444444448 0.04311111111111114 0.06488888888888894 0.048000000000000036 0.05777777777777781 0.048000000000000036 0.056888888888888926 0.04400000000000003 0.048000000000000036 0.04755555555555559 0.10400000000000001 0.05422222222222226 0.21911111111111095
0.04855967078189306 0.06707818930041157 0.05514403292181075 0.06790123456790131 0.04897119341563792 0.12057613168724274 0.1275720164609053 0.04444444444444448 0.040740740740740786 0.046090534979423906 0.07572016460905352 0.06913580246913585 0.07078189300411525 0.06666666666666671 0.05061728395061731
0.04318658280922436 0.030607966457023107 0.03165618448637321 0.08259958071278833 0.030607966457023097 0.034381551362683484 0.04297693920335433 0.0238993710691824 0.020964360587002094 0.04129979035639418 0.40398322851153057 0.024947589098532515 0.11404612159329147 0.037106918238993786 0.03773584905660381
0.07508771929824562 0.034385964912280735 0.033216374269005866 0.10058479532163744 0.12783625730994147 0.0823391812865497 0.0664327485380117 0.024093567251462014 0.014152046783625747 0.2009356725146199 0.028421052631578975 0.057076023391812884 0.05333333333333337 0.06245614035087721 0.039649122807017594
0.05763888888888889 0.03148148148148149 0.05439814814814817 0.19143518518518524 0.2849537037037038 0.050231481481481495 0.03263888888888889 0.03171296296296298 0.027314814814814813 0.046990740740740757 0.03518518518518519 0.03842592592592591 0.031481481481481485 0.03611111111111113 0.05
0.08461538461538454 0.05299145299145294 0.0928774928774928 0.05811965811965805 0.17207977207977188 0.050997150997150964 0.10854700854700838 0.050142450142450105 0.03190883190883186 0.04814814814814811 0.0441595441595441 0.03760683760683755 0.050997150997150936 0.05868945868945862 0.05811965811965806
0.06249999999999999 0.055277777777777766 0.06055555555555557 0.05055555555555553 0.10722222222222219 0.03972222222222219 0.07916666666666664 0.036944444444444405 0.02861111111111106 0.03277777777777773 0.21777777777777768 0.036111111111111066 0.04583333333333328 0.10138888888888889 0.04555555555555551
0.0774410774410774 0.043771043771043745 0.07508417508417503 0.05925925925925923 0.1202020202020203 0.13400673400673407 0.08552188552188546 0.047138047138047104 0.036363636363636334 0.07979797979797974 0.044107744107744075 0.05420875420875418 0.047138047138047104 0.0535353535353535 0.0424242424242424
0.045098039215686204 0.034640522875816926 0.03562091503267966 0.03137254901960777 0.05718954248366004 0.033660130718954184 0.039869281045751555 0.4385620915032677 0.029738562091503207 0.03529411764705875 0.03137254901960778 0.03267973856209144 0.03202614379084961 0.03300653594771234 0.08986928104575154
0.08359788359788357 0.021693121693121705 0.12902494331065756 0.019501133786848084 0.05608465608465606 0.3665154950869236 0.03613000755857896 0.017838246409674994 0.05895691609977323 0.034769463340891905 0.014058956916099784 0.01224489795918368 0.048828420256991655 0.03250188964474679 0.06825396825396823
0.04575163398692804 0.048366013071895364 0.10620915032679726 0.04215686274509796 0.04019607843137248 0.1967320261437907 0.0866013071895424 0.04150326797385614 0.03594771241830058 0.13464052287581682 0.03986928104575157 0.05065359477124176 0.04640522875816987 0.04738562091503261 0.03758169934640515
0.06236559139784942 0.03906810035842291 0.054480286738351216 0.03763440860215051 0.1129032258064517 0.1770609318996417 0.04408602150537631 0.03799283154121861 0.03548387096774191 0.1491039426523298 0.04014336917562721 0.03369175627240141 0.04336917562724011 0.054480286738351216 0.07813620071684582
0.059191919191919164 0.0341414141414141 0.035959595959595914 0.21737373737373744 0.07313131313131316 0.048888888888888836 0.04949494949494945 0.022828282828282784 0.02101010101010097 0.03292929292929287 0.0729292929292929 0.029292929292929242 0.21797979797979805 0.054141414141414095 0.030707070707070645
0.04121863799283151 0.04444444444444441 0.04874551971326162 0.04229390681003581 0.04480286738351252 0.03763440860215051 0.051971326164874515 0.2562724014336919 0.04014336917562721 0.045161290322580615 0.048028673835125414 0.04874551971326162 0.12974910394265238 0.07526881720430102 0.04551971326164871
0.03619047619047613 0.03619047619047612 0.03523809523809518 0.0355555555555555 0.0692063492063491 0.03301587301587295 0.03682539682539676 0.12285714285714273 0.3034920634920632 0.036825396825396754 0.03492063492063486 0.048888888888888836 0.07460317460317449 0.05619047619047612 0.03999999999999993
0.08680555555555555 0.12118055555555556 0.11076388888888888 0.04027777777777778 0.042708333333333334 0.03888888888888889 0.036458333333333336 0.034722222222222224 0.10416666666666667 0.03611111111111111 0.15381944444444445 0.043055555555555555 0.07881944444444444 0.03784722222222222 0.034375
0.06646090534979418 0.20596707818930046 0.05596707818930039 0.062345679012345716 0.1337448559670782 0.03539094650205765 0.059670781893004114 0.04711934156378599 0.023456790123456805 0.04711934156378601 0.047119341563786034 0.024897119341563814 0.05000000000000001 0.09732510288065842 0.04341563786008232
0.06360153256704977 0.07777777777777772 0.10000000000000006 0.04674329501915705 0.07624521072796935 0.039463601532567 0.04061302681992332 0.03716475095785437 0.07471264367816086 0.1950191570881227 0.05977011494252868 0.03716475095785437 0.04252873563218385 0.04827586206896546 0.06091954022988502
0.05849056603773589 0.03071278825995812 0.04119496855345916 0.19109014675052408 0.055345911949685564 0.01981132075471701 0.0186582809224319 0.270020964360587 0.15104821802935012 0.02662473794549269 0.022955974842767318 0.01823899371069185 0.04475890985324951 0.025471698113207576 0.02557651991614259
0.053030303030303066 0.09343434343434344 0.05404040404040407 0.04949494949494949 0.048989898989899 0.1383838383838385 0.0904040404040404 0.05555555555555559 0.04696969696969695 0.06818181818181823 0.04747474747474746 0.04848484848484848 0.07424242424242432 0.08080808080808079 0.05050505050505052
0.07306397306397303 0.07609427609427605 0.06835016835016831 0.08787878787878782 0.06969696969696965 0.09124579124579117 0.09865319865319863 0.03400673400673398 0.03367003367003364 0.05892255892255889 0.07912457912457907 0.03804713804713802 0.08350168350168345 0.045117845117845085 0.06262626262626259
0.058730158730158646 0.050476190476190425 0.10857142857142842 0.09873015873015864 0.057460317460317364 0.1003174603174602 0.03396825396825391 0.04507936507936502 0.03174603174603169 0.1488888888888888 0.06857142857142849 0.03841269841269834 0.03523809523809517 0.03460317460317454 0.08920634920634912
0.07543859649122805 0.08333333333333322 0.11900584795321636 0.055555555555555525 0.04502923976608187 0.04707602339181284 0.03625730994152046 0.03771929824561403 0.07251461988304088 0.16023391812865495 0.08654970760233914 0.03128654970760232 0.05701754385964908 0.04766081871345029 0.04532163742690056
0.06574074074074075 0.0523148148148148 0.14722222222222217 0.15092592592592596 0.04999999999999998 0.05277777777777778 0.045833333333333295 0.04722222222222219 0.04305555555555551 0.07407407407407408 0.05370370370370371 0.04583333333333328 0.0430555555555555 0.04398148148148143 0.08425925925925916
0.061685823754789246 0.06781609195402294 0.054022988505747084 0.0551724137931034 0.049042145593869685 0.059770114942528686 0.042911877394635985 0.0444444444444444 0.03793103448275858 0.061685823754789246 0.10191570881226056 0.15708812260536395 0.08275862068965513 0.07624521072796936 0.04750957854406127
0.053968253968253894 0.050793650793650724 0.050793650793650724 0.05132275132275125 0.05238095238095231 0.050793650793650724 0.06931216931216917 0.059259259259259164 0.05026455026455019 0.050793650793650724 0.051851851851851774 0.08677248677248663 0.08095238095238085 0.11375661375661365 0.12698412698412695
0.06360153256704977 0.07126436781609197 0.05632183908045971 0.08505747126436781 0.04865900383141761 0.0908045977011494 0.09157088122605364 0.04942528735632182 0.04291187739463597 0.11264367816091957 0.09272030651340998 0.043678160919540174 0.05210727969348656 0.0494252873563218 0.0498084291187739
0.09601139601139597 0.04188034188034183 0.04985754985754982 0.16666666666666644 0.09686609686609672 0.07008547008547002 0.09686609686609676 0.04729344729344724 0.028205128205128153 0.06951566951566944 0.039316239316239274 0.060683760683760586 0.034757834757834706 0.035327635327635276 0.06666666666666658
0.07326388888888889 0.08125 0.25277777777777777 0.04236111111111111 0.08402777777777778 0.049652777777777775 0.03958333333333333 0.06145833333333333 0.043402777777777776 0.04513888888888889 0.04513888888888889 0.04131944444444444 0.03854166666666667 0.03819444444444445 0.06388888888888888
0.11533333333333326 0.037111111111111136 0.13422222222222216 0.046888888888888904 0.18955555555555545 0.037111111111111136 0.04022222222222225 0.04800000000000002 0.05399999999999999 0.042888888888888914 0.034666666666666686 0.04555555555555558 0.07444444444444441 0.05511111111111112 0.0448888888888889
0.05232974910394261 0.04480286738351252 0.04372759856630821 0.14265232974910402 0.05125448028673832 0.03763440860215051 0.09534050179211467 0.03906810035842291 0.19354838709677427 0.07455197132616483 0.05376344086021501 0.04265232974910391 0.046594982078853014 0.04050179211469531 0.04157706093189961
0.0488215488215488 0.13872053872053874 0.06498316498316495 0.07070707070707065 0.050841750841750806 0.04478114478114475 0.10673400673400671 0.04107744107744105 0.05117845117845114 0.1501683501683502 0.05319865319865316 0.03872053872053869 0.04343434343434341 0.053535353535353505 0.04309764309764307
0.05577342047930279 0.042483660130718914 0.07559912854030498 0.03355119825708057 0.15272331154684074 0.03224400871459692 0.0305010893246187 0.22265795206971659 0.02309368191721131 0.03660130718954246 0.04204793028322435 0.03159041394335508 0.12396514161220033 0.06928104575163387 0.027886710239651395
0.04197530864197525 0.045679012345678956 0.04814814814814808 0.03672839506172834 0.04814814814814809 0.031790123456790054 0.13425925925925924 0.042901234567901174 0.18302469135802457 0.04135802469135796 0.04691358024691352 0.03549382716049377 0.05802469135802462 0.08981481481481478 0.11574074074074073
0.03993055555555555 0.04548611111111111 0.07916666666666666 0.043055555555555555 0.041666666666666664 0.22256944444444443 0.13958333333333334 0.0375 0.035069444444444445 0.06319444444444444 0.04027777777777778 0.04236111111111111 0.034027777777777775 0.03819444444444445 0.09791666666666667
0.10170940170940163 0.07393162393162385 0.05213675213675207 0.04871794871794869 0.0662393162393162 0.05512820512820506 0.04529914529914525 0.04529914529914525 0.040598290598290565 0.17179487179487163 0.07051282051282046 0.04529914529914525 0.05170940170940167 0.05213675213675211 0.07948717948717939
0.05595238095238089 0.1507936507936508 0.056746031746031725 0.0678571428571428 0.04523809523809524 0.059126984126984104 0.04999999999999997 0.04880952380952378 0.04325396825396822 0.06388888888888881 0.13214285714285715 0.05357142857142855 0.06269841269841266 0.05952380952380949 0.05039682539682538
0.11468253968253966 0.052380952380952334 0.06190476190476183 0.051190476190476154 0.0579365079365079 0.05317460317460313 0.09166666666666659 0.08333333333333327 0.03650793650793649 0.06071428571428568 0.04603174603174601 0.045238095238095216 0.04126984126984125 0.04166666666666664 0.16230158730158728
0.05714285714285708 0.056084656084656 0.06719576719576713 0.058730158730158646 0.0656084656084655 0.06931216931216923 0.05238095238095229 0.05767195767195758 0.04920634920634913 0.09947089947089938 0.059788359788359696 0.05555555555555548 0.057142857142857065 0.053439153439153377 0.14126984126984113
0.07222222222222226 0.04613526570048313 0.09202898550724643 0.03164251207729473 0.05193236714975847 0.16376811594202903 0.06545893719806763 0.08719806763285022 0.028019323671497624 0.07536231884057971 0.032125603864734356 0.09178743961352659 0.03647342995169088 0.030434782608695695 0.09541062801932368
0.036601307189542416 0.03790849673202607 0.04575163398692803 0.06241830065359466 0.11339869281045735 0.042810457516339794 0.1277777777777776 0.03986928104575156 0.20261437908496707 0.07908496732026134 0.03529411764705876 0.045098039215686204 0.032679738562091436 0.04640522875816986 0.05228758169934633
0.04513888888888889 0.18194444444444444 0.04861111111111111 0.04236111111111111 0.07222222222222222 0.04097222222222222 0.04895833333333333 0.03819444444444445 0.035416666666666666 0.04895833333333333 0.059375 0.04236111111111111 0.2125 0.03993055555555555 0.043055555555555555
0.07545219638242903 0.054780361757106 0.040310077519379886 0.10439276485788124 0.15297157622739033 0.037467700258397976 0.029715762273901842 0.15271317829457381 0.02894056847545223 0.02894056847545223 0.03100775193798453 0.032816537467700295 0.12015503875969008 0.0767441860465117 0.03359173126614991
0.10114114114114117 0.010570570570570564 0.015795795795795795 0.26390390390390406 0.018918918918918913 0.013033033033033029 0.02888888888888888 0.014894894894894888 0.06504504504504507 0.3930930930930931 0.010690690690690683 0.02294294294294295 0.01051051051051051 0.009429429429429427 0.021141141141141132
0.039259259259259265 0.06666666666666662 0.09925925925925916 0.040740740740740716 0.04185185185185184 0.13555555555555546 0.09851851851851841 0.04481481481481479 0.03962962962962964 0.039259259259259244 0.04074074074074074 0.044074074074074085 0.0437037037037037 0.04703703703703703 0.1788888888888888
0.04193548387096772 0.046594982078853014 0.10071684587813616 0.056272401433691714 0.05698924731182792 0.04265232974910391 0.07168458781362001 0.11756272401433697 0.10465949820788532 0.048028673835125414 0.03835125448028671 0.04121863799283151 0.10035842293906808 0.08960573476702503 0.04336917562724012
0.11450617283950619 0.05123456790123449 0.050308641975308585 0.03981481481481474 0.059876543209876495 0.07407407407407404 0.04969135802469129 0.03302469135802463 0.0632716049382715 0.11944444444444437 0.036419753086419704 0.03240740740740734 0.07993827160493816 0.09197530864197521 0.10401234567901228
0.09084967320261429 0.04226579520697164 0.1230936819172112 0.07734204793028315 0.04793028322440085 0.04422657952069715 0.02396514161220041 0.025490196078431344 0.12026143790849658 0.20174291938997801 0.029629629629629593 0.052941176470588144 0.02461873638344225 0.02396514161220041 0.07167755991285395
0.06608187134502917 0.24795321637426898 0.04824561403508769 0.03596491228070174 0.048245614035087696 0.04327485380116959 0.11666666666666664 0.03654970760233917 0.110233918128655 0.03538011695906431 0.038596491228070164 0.035964912280701714 0.03596491228070176 0.0628654970760233 0.038011695906432726
0.06099290780141843 0.03782505910165484 0.08652482269503546 0.05413711583924344 0.05390070921985817 0.04728132387706856 0.02671394799054375 0.03073286052009459 0.313238770685579 0.035460992907801435 0.039479905437352254 0.047754137115839236 0.044917257683215125 0.09125295508274232 0.029787234042553172
0.037414965986394516 0.045578231292516966 0.04149659863945574 0.030839002267573665 0.04671201814058957 0.3229024943310658 0.07392290249433106 0.022902494331065774 0.02244897959183675 0.1952380952380953 0.03650793650793648 0.02766439909297049 0.02811791383219954 0.04285714285714281 0.025396825396825397
0.06097560975609761 0.04308943089430897 0.12601626016260162 0.04552845528455288 0.05474254742547429 0.033333333333333354 0.04037940379403797 0.03739837398373986 0.033333333333333354 0.02872628726287265 0.03360433604336046 0.043902439024390276 0.03523035230352305 0.08292682926829274 0.30081300813008105
0.243360433604336 0.04512195121951222 0.05121951219512195 0.0890243902439024 0.027506775067750698 0.02317073170731709 0.06978319783197831 0.01666666666666668 0.02168021680216804 0.20718157181571817 0.022357723577235783 0.058401084010840064 0.04349593495934962 0.06002710027100272 0.021002710027100285
0.07309941520467834 0.08333333333333325 0.13187134502923975 0.039473684210526286 0.06198830409356724 0.04152046783625729 0.04970760233918125 0.06695906432748532 0.07163742690058476 0.09941520467836246 0.050877192982456125 0.0350877192982456 0.09678362573099414 0.038011695906432746 0.060233918128654924
0.06494708994708989 0.02976190476190474 0.0189153439153439 0.04126984126984123 0.0493386243386243 0.4720899470899472 0.08809523809523799 0.024735449735449718 0.028174603174603147 0.020899470899470883 0.027645502645502622 0.01666666666666665 0.04060846560846558 0.024603174603174575 0.05224867724867717
0.10802469135802469 0.044753086419753035 0.06697530864197523 0.12098765432098758 0.06604938271604929 0.04783950617283943 0.06604938271604929 0.04259259259259254 0.04351851851851846 0.12191358024691357 0.06944444444444436 0.04320987654320981 0.08364197530864188 0.03549382716049378 0.03950617283950611
0.07395833333333333 0.04583333333333333 0.04548611111111111 0.043402777777777776 0.058333333333333334 0.04097222222222222 0.046875 0.2621527777777778 0.033680555555555554 0.046875 0.04027777777777778 0.04027777777777778 0.05138888888888889 0.08541666666666667 0.08506944444444445
0.03461538461538459 0.08504273504273493 0.03696581196581194 0.031196581196581176 0.061538461538461445 0.2685897435897436 0.06794871794871787 0.02521367521367518 0.03824786324786321 0.05876068376068371 0.031196581196581176 0.03675213675213671 0.16260683760683758 0.028205128205128178 0.03311965811965809
0.10180878552971587 0.036692506459948364 0.05167958656330754 0.04134366925064603 0.13385012919896655 0.07416020671834633 0.035917312661498745 0.11627906976744198 0.06950904392764864 0.046770025839793325 0.03488372093023259 0.03798449612403104 0.060206718346253275 0.10775193798449624 0.05116279069767447
0.11954022988505755 0.08429118773946363 0.07739463601532565 0.044061302681992306 0.06321839080459768 0.05938697318007658 0.059770114942528665 0.0440613026819923 0.11839080459770125 0.062068965517241344 0.05325670498084285 0.04406130268199229 0.04329501915708808 0.05785440613026815 0.06934865900383136
0.05377777777777781 0.08266666666666672 0.047111111111111145 0.0506666666666667 0.1408888888888889 0.05377777777777781 0.05422222222222226 0.044444444444444474 0.044444444444444474 0.0466666666666667 0.16177777777777763 0.048000000000000036 0.056444444444444485 0.05822222222222225 0.05688888888888892
0.20172143974960877 0.04350547730829417 0.07887323943661974 0.042879499217527345 0.11158059467918632 0.057902973395931194 0.04256651017214394 0.027386541471048485 0.07840375586854464 0.12707355242566512 0.02707355242566508 0.025352112676056315 0.03098591549295772 0.056338028169014086 0.04835680751173706
0.04102564102564099 0.049145299145299116 0.09059829059829046 0.04700854700854698 0.04102564102564098 0.04401709401709397 0.04444444444444441 0.2790598290598291 0.08290598290598279 0.04743589743589739 0.051709401709401664 0.04188034188034184 0.05213675213675212 0.04358974358974356 0.044017094017093965
0.0871459694989106 0.04618736383442261 0.03572984749455336 0.034204793028322404 0.051742919389978145 0.029956427015250517 0.019825708061002166 0.01819172113289759 0.2625272331154684 0.20849673202614377 0.02472766884531588 0.018082788671023947 0.030610021786492345 0.07647058823529405 0.056100217864923675
