0.0430555555555555 0.05555555555555555 0.08194444444444447 0.04907407407407405 0.12314814814814821 0.09074074074074073 0.048148148148148134 0.09999999999999998 0.05185185185185186 0.11342592592592593 0.044444444444444384 0.04444444444444439 0.05231481481481482 0.04583333333333328 0.05601851851851853
0.13409961685823768 0.05172413793103443 0.054789272030651294 0.06858237547892718 0.04521072796934863 0.0812260536398467 0.05517241379310339 0.08505747126436779 0.07816091954022986 0.048275862068965454 0.0490421455938697 0.10038314176245211 0.04482758620689653 0.053639846743294986 0.04980842911877388
0.10180180180180179 0.05150150150150149 0.045195195195195215 0.057057057057057055 0.07477477477477477 0.039489489489489486 0.10975975975975977 0.06486486486486484 0.057507507507507515 0.03363363363363365 0.03513513513513515 0.03738738738738741 0.04069069069069068 0.19534534534534537 0.05585585585585584
0.045370370370370325 0.06157407407407406 0.125462962962963 0.05324074074074073 0.09814814814814814 0.07870370370370373 0.06620370370370374 0.07824074074074075 0.08425925925925924 0.05138888888888888 0.046759259259259216 0.0509259259259259 0.060648148148148145 0.04444444444444439 0.05462962962962963
0.04492753623188414 0.05169082125603874 0.07439613526570062 0.04541062801932375 0.08937198067632865 0.053623188405797204 0.04830917874396142 0.11932367149758455 0.04782608695652183 0.04541062801932375 0.1584541062801933 0.045410628019323745 0.047342995169082205 0.0705314009661837 0.057971014492753714
0.07148148148148145 0.056296296296296275 0.05925925925925923 0.04629629629629632 0.05407407407407403 0.05111111111111111 0.037407407407407396 0.0829629629629629 0.03999999999999999 0.03740740740740738 0.08296296296296289 0.1592592592592591 0.06925925925925919 0.07629629629629622 0.0759259259259259
0.03620071684587811 0.061290322580645124 0.06236559139784942 0.04229390681003581 0.23082437275985673 0.07598566308243723 0.042652329749103914 0.05412186379928312 0.06093189964157702 0.1021505376344086 0.03655913978494621 0.04157706093189961 0.05268817204301072 0.03655913978494621 0.06379928315412181
0.032663989290495306 0.0463186077643909 0.03748326639892906 0.2963855421686747 0.023025435073627844 0.0463186077643909 0.09210174029451133 0.06278447121820621 0.033868808567603756 0.027978580990629175 0.02757697456492636 0.07630522088353414 0.042034805890227595 0.08567603748326641 0.06947791164658638
0.07101449275362332 0.10193236714975856 0.05024154589371988 0.04975845410628028 0.1342995169082126 0.045410628019323745 0.04589371980676337 0.047826086956521824 0.056521739130434914 0.04637681159420299 0.044444444444444516 0.05410628019323678 0.045893719806763364 0.045893719806763364 0.1603864734299518
0.0994444444444443 0.07444444444444437 0.05888888888888882 0.06611111111111101 0.07333333333333326 0.06833333333333323 0.05444444444444437 0.05944444444444434 0.06222222222222214 0.06944444444444438 0.052222222222222135 0.05999999999999991 0.08722222222222215 0.054999999999999924 0.05944444444444434
0.10034722222222223 0.05173611111111111 0.059027777777777776 0.06354166666666666 0.09409722222222222 0.06111111111111111 0.040625 0.049652777777777775 0.07152777777777777 0.06111111111111111 0.08159722222222222 0.044444444444444446 0.11493055555555555 0.04548611111111111 0.06076388888888889
0.053888888888888806 0.058333333333333244 0.07833333333333323 0.06055555555555547 0.06055555555555547 0.08611111111111104 0.05166666666666657 0.06111111111111102 0.05444444444444435 0.05944444444444434 0.10444444444444435 0.09888888888888875 0.06055555555555547 0.05555555555555547 0.05611111111111101
0.04761904761904755 0.06613756613756605 0.10952380952380941 0.0576719576719576 0.07089947089947082 0.11375661375661365 0.05079365079365071 0.06031746031746022 0.053968253968253894 0.05555555555555548 0.04867724867724861 0.05291005291005285 0.065079365079365 0.05238095238095229 0.09470899470899463
0.08986928104575151 0.045098039215686225 0.05915032679738553 0.13169934640522857 0.1320261437908495 0.054575163398692735 0.07091503267973844 0.1215686274509803 0.039542483660130655 0.06470588235294107 0.03921568627450973 0.03594771241830059 0.04673202614379078 0.030392156862745028 0.038562091503267906
0.031239935587761686 0.10080515297906606 0.04025764895330116 0.030112721417069263 0.09774557165861521 0.041223832528180376 0.05249597423510471 0.04122383252818037 0.03768115942028987 0.033977455716586176 0.05491143317230279 0.207890499194847 0.05877616747181969 0.10289855072463772 0.06876006441223838
0.06623931623931616 0.04786324786324783 0.12478632478632463 0.0717948717948717 0.04487179487179483 0.04572649572649569 0.04401709401709397 0.14786324786324778 0.05299145299145295 0.04230769230769227 0.11581196581196564 0.04743589743589739 0.04914529914529909 0.051282051282051225 0.04786324786324783
0.05111111111111103 0.06166666666666658 0.0688888888888888 0.05444444444444435 0.14888888888888893 0.06444444444444436 0.05499999999999991 0.05611111111111102 0.05888888888888879 0.05777777777777771 0.04999999999999991 0.05444444444444436 0.06444444444444436 0.052222222222222135 0.10166666666666677
0.0508547008547008 0.06495726495726489 0.08162393162393153 0.06068376068376063 0.076068376068376 0.09615384615384606 0.054273504273504226 0.10555555555555547 0.05512820512820508 0.05598290598290595 0.049145299145299116 0.06068376068376061 0.07051282051282048 0.06239316239316236 0.05598290598290592
0.05151515151515153 0.06161616161616167 0.05050505050505052 0.1065656565656567 0.10656565656565663 0.06414141414141422 0.05101010101010102 0.06010101010101009 0.04848484848484849 0.05202020202020203 0.07121212121212127 0.05151515151515153 0.0808080808080809 0.09090909090909088 0.053030303030303046
0.14009661835748785 0.06714975845410637 0.05410628019323679 0.07777777777777788 0.056521739130434866 0.051207729468599104 0.05748792270531411 0.05700483091787445 0.057004830917874484 0.057971014492753735 0.07971014492753634 0.058454106280193326 0.06666666666666672 0.05555555555555564 0.06328502415458949
0.03737373737373735 0.07239057239057235 0.13097643097643105 0.056902356902356864 0.07070707070707065 0.07272727272727268 0.041750841750841726 0.07474747474747469 0.04882154882154879 0.06262626262626259 0.06262626262626259 0.041750841750841726 0.06397306397306393 0.07643097643097638 0.08619528619528614
0.044017094017093986 0.05512820512820509 0.11068376068376053 0.06153846153846148 0.07051282051282047 0.09102564102564094 0.05085470085470081 0.09786324786324774 0.04786324786324782 0.0884615384615384 0.06239316239316236 0.05341880341880337 0.06752136752136745 0.046581196581196575 0.05213675213675212
0.030555555555555496 0.048456790123456744 0.08734567901234559 0.07067901234567897 0.05401234567901228 0.05679012345679006 0.03888888888888882 0.12993827160493837 0.06296296296296287 0.04351851851851846 0.13086419753086417 0.036728395061728335 0.08179012345679008 0.08086419753086412 0.04660493827160488
0.06913580246913573 0.05608465608465604 0.0567901234567901 0.04338624338624335 0.03439153439153435 0.13597883597883587 0.040035273368606655 0.18165784832451473 0.05449735449735444 0.04902998236331566 0.08359788359788353 0.03862433862433858 0.07760141093474421 0.026278659611992907 0.05291005291005284
0.09259259259259243 0.07407407407407395 0.06049382716049371 0.07777777777777765 0.06604938271604925 0.061728395061728274 0.06049382716049372 0.059876543209876426 0.062345679012345556 0.05925925925925915 0.05740740740740729 0.06358024691358014 0.0722222222222221 0.059876543209876426 0.0722222222222221
0.03888888888888886 0.05079365079365076 0.08174603174603162 0.1333333333333334 0.05634920634920631 0.06388888888888883 0.04126984126984125 0.12738095238095237 0.03968253968253966 0.06706349206349199 0.09801587301587297 0.04087301587301586 0.04761904761904761 0.06587301587301582 0.0472222222222222
0.037860082304526796 0.09300411522633745 0.041975308641975344 0.055144032921810755 0.15637860082304522 0.05432098765432105 0.04320987654320992 0.04979423868312761 0.0452674897119342 0.05061728395061731 0.15555555555555564 0.04403292181069964 0.055967078189300454 0.043209876543209916 0.07366255144032925
0.05050505050505052 0.06717171717171726 0.06010101010101016 0.0924242424242425 0.07121212121212127 0.05757575757575759 0.06161616161616167 0.05707070707070709 0.0545454545454546 0.06313131313131318 0.052020202020202036 0.052525252525252544 0.15353535353535355 0.05353535353535357 0.05303030303030308
0.10211640211640205 0.06428571428571422 0.06084656084656079 0.06111111111111104 0.05449735449735444 0.07830687830687823 0.07328042328042322 0.07222222222222216 0.05502645502645498 0.04814814814814809 0.05634920634920633 0.06164021164021159 0.051587301587301564 0.09708994708994702 0.06349206349206343
0.035069444444444445 0.05416666666666667 0.08541666666666667 0.058333333333333334 0.08576388888888889 0.08090277777777778 0.04479166666666667 0.08402777777777778 0.09756944444444444 0.049652777777777775 0.035416666666666666 0.05138888888888889 0.07361111111111111 0.04652777777777778 0.11736111111111111
0.03042328042328038 0.043121693121693075 0.03756613756613753 0.04814814814814811 0.03835978835978831 0.04629629629629625 0.15396825396825373 0.07751322751322745 0.04100529100529095 0.149206349206349 0.06560846560846555 0.04047619047619044 0.048148148148148114 0.0748677248677248 0.1052910052910052
0.07067901234567889 0.056481481481481396 0.07222222222222216 0.10802469135802464 0.09907407407407401 0.07037037037037032 0.043209876543209826 0.10030864197530875 0.050925925925925875 0.06635802469135794 0.04104938271604932 0.048148148148148086 0.0527777777777777 0.048765432098765375 0.07160493827160488
0.046222222222222255 0.06622222222222227 0.057333333333333375 0.07822222222222228 0.10977777777777775 0.06711111111111115 0.048000000000000036 0.05111111111111115 0.06177777777777782 0.14311111111111105 0.046222222222222255 0.05288888888888892 0.06222222222222227 0.05822222222222225 0.051555555555555584
0.04133333333333336 0.05377777777777781 0.09111111111111116 0.09244444444444448 0.06488888888888894 0.12177777777777771 0.04133333333333336 0.09955555555555555 0.04133333333333336 0.1115555555555555 0.05244444444444448 0.046222222222222255 0.05688888888888892 0.04133333333333337 0.04400000000000003
0.06111111111111108 0.04629629629629626 0.048148148148148134 0.06851851851851856 0.04629629629629628 0.04490740740740738 0.07129629629629633 0.04999999999999999 0.28379629629629627 0.04629629629629625 0.04259259259259254 0.04953703703703703 0.048611111111111084 0.043518518518518456 0.04907407407407403
0.026506024096385552 0.05314591700133866 0.019143239625167337 0.033065595716198146 0.04297188755020082 0.05662650602409636 0.0941097724230254 0.051539491298527446 0.27777777777777757 0.02088353413654617 0.021151271753681394 0.05930388219544848 0.1556894243641231 0.029317269076305212 0.05876840696117805
0.07383512544802862 0.057706093189964114 0.07670250896057343 0.16308243727598581 0.046236559139784916 0.07598566308243723 0.046236559139784916 0.08637992831541214 0.04301075268817201 0.04265232974910391 0.03870967741935481 0.05806451612903222 0.08709677419354833 0.04480286738351252 0.05949820788530462
0.05098039215686266 0.03856209150326791 0.06960784313725481 0.15228758169934617 0.065032679738562 0.0584967320261437 0.03660130718954241 0.05522875816993456 0.03496732026143785 0.09477124183006527 0.17320261437908477 0.03823529411764699 0.04934640522875811 0.03333333333333327 0.049346405228758085
0.027664399092970512 0.07006802721088433 0.03424036281179137 0.04058956916099771 0.0789115646258503 0.040816326530612214 0.02834467120181405 0.03492063492063491 0.04625850340136051 0.2600907029478459 0.10272108843537414 0.04376417233560088 0.09773242630385484 0.02970521541950112 0.06417233560090696
0.03968253968253965 0.05079365079365077 0.06111111111111104 0.048015873015872984 0.048809523809523796 0.04642857142857141 0.04960317460317459 0.07380952380952381 0.047619047619047596 0.04126984126984125 0.14722222222222217 0.051587301587301564 0.0456349206349206 0.12142857142857139 0.12698412698412706
0.03620071684587811 0.04480286738351252 0.05519713261648741 0.04050179211469531 0.10358422939068104 0.07025089605734762 0.11756272401433701 0.05232974910394261 0.11720430107526886 0.08673835125448023 0.03942652329749101 0.048028673835125414 0.06989247311827952 0.03440860215053761 0.08387096774193542
0.026077097505668927 0.04104308390022671 0.16757369614512468 0.04353741496598637 0.0809523809523809 0.07777777777777775 0.10408163265306122 0.04285714285714282 0.03514739229024939 0.14331065759637193 0.027210884353741478 0.06167800453514733 0.05374149659863942 0.027891156462585012 0.06712018140589569
0.05964052287581694 0.09395424836601304 0.030882352941176423 0.028104575163398655 0.02843137254901958 0.041666666666666644 0.14575163398692814 0.10032679738562092 0.15718954248366018 0.02745098039215682 0.0544117647058823 0.04624183006535943 0.11388888888888891 0.020915032679738526 0.051143790849673146
0.033333333333333354 0.04324324324324329 0.03573573573573575 0.03723723723723728 0.03483483483483485 0.03873873873873878 0.13693693693693698 0.036936936936936976 0.15765765765765763 0.07957957957957956 0.03693693693693696 0.14744744744744742 0.07027027027027027 0.033933933933933964 0.07717717717717719
0.06009070294784581 0.03197278911564624 0.02857142857142855 0.04376417233560087 0.09977324263038546 0.03151927437641721 0.027664399092970512 0.038548752834467105 0.04195011337868475 0.2782312925170069 0.10975056689342401 0.054195011337868464 0.051247165532879765 0.024263038548752842 0.07845804988662132
0.09399399399399398 0.044144144144144165 0.12582582582582583 0.0591591591591592 0.061261261261261274 0.04744744744744746 0.03843843843843845 0.04204204204204212 0.03543543543543547 0.10450450450450448 0.0645645645645646 0.051351351351351354 0.0744744744744745 0.051651651651651684 0.10570570570570569
0.06111111111111111 0.1920138888888889 0.04513888888888889 0.09027777777777778 0.05381944444444445 0.05243055555555556 0.05243055555555556 0.044444444444444446 0.04826388888888889 0.04895833333333333 0.0642361111111111 0.07673611111111112 0.06875 0.04722222222222222 0.05416666666666667
0.02809523809523806 0.13714285714285698 0.03349206349206346 0.03587301587301583 0.03746031746031742 0.0623809523809523 0.029365079365079323 0.03380952380952377 0.08253968253968244 0.2585714285714286 0.043015873015872966 0.03793650793650789 0.08666666666666664 0.02682539682539679 0.06682539682539675
0.09206349206349196 0.05925925925925918 0.059788359788359724 0.06031746031746023 0.06825396825396816 0.0597883597883597 0.053439153439153356 0.06031746031746024 0.09417989417989409 0.065079365079365 0.048677248677248604 0.06455026455026448 0.08518518518518509 0.048677248677248604 0.08042328042328038
0.0646464646464646 0.05656565656565653 0.05622895622895619 0.05521885521885518 0.14410774410774413 0.062289562289562256 0.051851851851851816 0.04646464646464643 0.13367003367003374 0.0905723905723905 0.03501683501683499 0.04646464646464643 0.06498316498316493 0.034343434343434315 0.05757575757575754
0.0703703703703704 0.04502923976608189 0.15847953216374266 0.04307992202729048 0.06744639376218325 0.03898635477582849 0.02456140350877197 0.039961013645224204 0.04015594541910335 0.24327485380116948 0.023391812865497106 0.049902534113060455 0.07875243664717343 0.029824561403508806 0.04678362573099415
0.03387533875338756 0.1056910569105691 0.16639566395663946 0.04715447154471548 0.05447154471544719 0.0636856368563686 0.03712737127371276 0.04823848238482388 0.052303523035230386 0.0672086720867209 0.041192411924119265 0.04146341463414637 0.0997289972899729 0.09457994579945803 0.04688346883468838
0.04351851851851847 0.04907407407407405 0.047685185185185136 0.05277777777777777 0.16990740740740745 0.054166666666666675 0.0444444444444444 0.04768518518518517 0.046759259259259216 0.16620370370370366 0.0444444444444444 0.051851851851851864 0.0652777777777778 0.04861111111111109 0.06759259259259263
0.03369175627240141 0.05143369175627241 0.09283154121863801 0.06702508960573479 0.04014336917562721 0.05465949820788533 0.0930107526881721 0.04354838709677417 0.03333333333333331 0.24283154121863795 0.024193548387096756 0.05824372759856633 0.04623655913978492 0.06451612903225809 0.05430107526881725
0.031154684095860533 0.03638344226579517 0.04030501089324616 0.04662309368191717 0.23485838779956406 0.03790849673202611 0.04618736383442261 0.035511982570806046 0.03224400871459692 0.05272331154684092 0.08453159041394329 0.0660130718954248 0.07647058823529407 0.058387799564270114 0.12069716775599117
0.11218637992831543 0.07921146953405013 0.04086021505376341 0.056272401433691714 0.07598566308243722 0.05842293906810032 0.03942652329749101 0.04731182795698922 0.06594982078853041 0.16415770609319003 0.06702508960573472 0.05268817204301072 0.05304659498207882 0.04301075268817201 0.04444444444444441
0.07695473251028814 0.06378600823045275 0.06625514403292182 0.060905349794238735 0.049794238683127635 0.06172839506172842 0.04773662551440336 0.07037037037037043 0.09094650205761323 0.044855967078189334 0.040740740740740786 0.0481481481481482 0.05020576131687248 0.11975308641975299 0.10781893004115217
0.07636363636363634 0.03515151515151509 0.09696969696969694 0.0832323232323232 0.03414141414141409 0.04323232323232318 0.09515151515151515 0.14505050505050504 0.10525252525252533 0.04707070707070704 0.07979797979797973 0.027070707070707023 0.056969696969696934 0.030505050505050448 0.044040404040404
0.056712962962962986 0.16805555555555562 0.04259259259259259 0.06134259259259261 0.09259259259259262 0.05231481481481483 0.0511574074074074 0.034027777777777796 0.07268518518518516 0.07222222222222223 0.031018518518518525 0.06990740740740739 0.08935185185185182 0.053472222222222254 0.0525462962962963
0.03714285714285707 0.05111111111111104 0.03777777777777771 0.04031746031746026 0.04222222222222216 0.04730158730158724 0.08793650793650777 0.042539682539682475 0.2603174603174601 0.0542857142857142 0.05174603174603166 0.04158730158730152 0.06253968253968245 0.03301587301587295 0.11015873015873004
0.04102564102564098 0.05769230769230763 0.07649572649572642 0.07008547008547 0.10085470085470075 0.08504273504273498 0.04487179487179485 0.10085470085470075 0.05213675213675211 0.05299145299145293 0.10598290598290584 0.04529914529914526 0.05170940170940167 0.06025641025641019 0.054700854700854645
0.05679012345679002 0.06975308641975296 0.05925925925925915 0.06543209876543199 0.06358024691358015 0.09259259259259248 0.05925925925925914 0.07839506172839492 0.06172839506172829 0.07222222222222209 0.058641975308641875 0.06049382716049371 0.08333333333333319 0.05740740740740729 0.061111111111111005
0.044017094017093986 0.04871794871794867 0.05042735042735037 0.04529914529914526 0.08846153846153834 0.04786324786324782 0.04914529914529913 0.08803418803418792 0.10683760683760674 0.0457264957264957 0.0846153846153845 0.05512820512820507 0.04487179487179484 0.051709401709401664 0.14914529914529912
0.06876310272536691 0.12012578616352208 0.0354297693920336 0.0436058700209644 0.030188679245283057 0.041509433962264204 0.03396226415094346 0.17840670859538793 0.10880503144654094 0.06373165618448645 0.043815513626834425 0.07106918238993713 0.046540880503144706 0.02662473794549268 0.0874213836477988
0.06871794871794863 0.05316239316239313 0.09213675213675208 0.038119658119658076 0.04683760683760682 0.07282051282051277 0.029230769230769196 0.04461538461538458 0.024444444444444408 0.07264957264957261 0.08170940170940162 0.03264957264957261 0.19829059829059814 0.08256410256410252 0.06205128205128199
0.08279569892473113 0.04731182795698922 0.05519713261648741 0.04731182795698922 0.07491039426523292 0.06845878136200713 0.04193548387096772 0.04050179211469531 0.06559139784946232 0.18172043010752698 0.03620071684587811 0.04229390681003581 0.047670250896057316 0.12759856630824376 0.04050179211469531
0.05722222222222215 0.06166666666666658 0.0688888888888888 0.06333333333333323 0.07222222222222212 0.06666666666666658 0.06499999999999993 0.06999999999999991 0.0549999999999999 0.053888888888888806 0.07666666666666656 0.05888888888888879 0.06999999999999992 0.0944444444444444 0.06611111111111101
0.03888888888888886 0.18769841269841261 0.07499999999999994 0.07817460317460312 0.12539682539682542 0.0694444444444444 0.04404761904761904 0.06944444444444436 0.038492063492063466 0.05357142857142852 0.04246031746031743 0.039285714285714264 0.04920634920634918 0.04603174603174599 0.04285714285714284
0.03444444444444443 0.048148148148148134 0.09296296296296293 0.042222222222222223 0.07333333333333332 0.067037037037037 0.05888888888888886 0.051111111111111086 0.09222222222222215 0.21370370370370365 0.03666666666666667 0.04259259259259261 0.05851851851851849 0.035925925925925924 0.0522222222222222
0.05151515151515153 0.041919191919191974 0.04368686868686871 0.038131313131313176 0.08308080808080812 0.03712121212121217 0.04368686868686873 0.036868686868686884 0.05277777777777782 0.29823232323232324 0.04520202020202022 0.03434343434343438 0.10505050505050507 0.029292929292929308 0.05909090909090915
0.04490740740740734 0.06527777777777781 0.05694444444444447 0.08055555555555566 0.10601851851851853 0.06250000000000006 0.051851851851851816 0.04861111111111107 0.08194444444444446 0.062037037037037064 0.08472222222222218 0.050925925925925916 0.08472222222222228 0.048611111111111084 0.0703703703703704
0.034722222222222224 0.07083333333333333 0.044097222222222225 0.059375 0.06979166666666667 0.05347222222222222 0.05138888888888889 0.043402777777777776 0.06631944444444444 0.14305555555555555 0.04027777777777778 0.08159722222222222 0.09027777777777778 0.044444444444444446 0.10694444444444444
0.034534534534534575 0.0573573573573574 0.06696696696696697 0.045945945945946 0.07387387387387388 0.07687687687687692 0.04804804804804807 0.04834834834834837 0.043543543543543596 0.10600600600600596 0.09579579579579575 0.09759759759759756 0.07927927927927932 0.05945945945945949 0.06636636636636639
0.010892634207240952 0.024781523096129836 0.004806491885143575 0.007240948813982525 0.004275905118601754 0.005274656679151067 0.0696941323345818 0.0057740324594257215 0.020287141073657918 0.005274656679151067 0.0034019975031211033 0.8176029962546811 0.005274656679151067 0.007802746566791512 0.0076154806491885154
0.04311111111111114 0.10311111111111114 0.07111111111111117 0.05911111111111114 0.07777777777777782 0.0595555555555556 0.04355555555555558 0.046222222222222255 0.048000000000000036 0.0813333333333334 0.04266666666666669 0.0595555555555556 0.1213333333333333 0.0844444444444445 0.05911111111111114
0.03405017921146951 0.1448028673835126 0.04301075268817201 0.04301075268817201 0.08709677419354833 0.05268817204301072 0.03942652329749101 0.05268817204301072 0.04301075268817201 0.11863799283154126 0.04193548387096771 0.04336917562724012 0.04551971326164871 0.10215053763440858 0.10860215053763442
0.08212560386473444 0.061352657004831015 0.08454106280193244 0.06763285024154599 0.05555555555555564 0.09951690821256046 0.0473429951690822 0.061835748792270655 0.11739130434782605 0.05120772946859911 0.044444444444444516 0.04830917874396144 0.06473429951690832 0.0434782608695653 0.07053140096618368
0.06666666666666665 0.08481481481481476 0.20407407407407405 0.0437037037037037 0.0440740740740741 0.06555555555555553 0.04407407407407407 0.04259259259259258 0.039999999999999994 0.09925925925925923 0.039259259259259244 0.04962962962962964 0.04555555555555557 0.0877777777777777 0.04296296296296294
0.09975308641975299 0.03407407407407404 0.29827160493827126 0.09827160493827156 0.02938271604938267 0.050864197530864186 0.03382716049382713 0.1143209876543209 0.03604938271604934 0.029876543209876507 0.04098765432098764 0.03185185185185182 0.03901234567901231 0.034074074074074034 0.029382716049382675
0.045893719806763364 0.05169082125603874 0.05507246376811602 0.05024154589371988 0.067632850241546 0.05458937198067641 0.06280193236714986 0.04879227053140105 0.12850241545893715 0.10531400966183586 0.04589371980676337 0.0671497584541064 0.057487922705314096 0.0473429951690822 0.11159420289855078
0.04926624737945498 0.08867924528301896 0.03794549266247386 0.04800838574423489 0.09769392033542981 0.06876310272536695 0.11027253668763115 0.07064989517819711 0.046540880503144685 0.08050314465408812 0.08637316561844871 0.029979035639413044 0.06226415094339633 0.042976939203354346 0.08008385744234811
0.08755555555555561 0.21822222222222204 0.0595555555555556 0.06133333333333338 0.056888888888888926 0.05422222222222226 0.04088888888888891 0.09777777777777778 0.05333333333333336 0.04222222222222226 0.04222222222222226 0.04355555555555558 0.04844444444444448 0.04222222222222225 0.05155555555555559
0.1088888888888887 0.04571428571428565 0.04317460317460311 0.04698412698412691 0.04222222222222216 0.3485714285714281 0.03301587301587296 0.03492063492063486 0.03333333333333327 0.03904761904761897 0.03142857142857137 0.07333333333333322 0.047301587301587254 0.03746031746031739 0.03460317460317454
0.0316993464052287 0.11993464052287568 0.04901960784313719 0.07124183006535938 0.048039215686274436 0.08692810457516331 0.08006535947712407 0.07385620915032673 0.07026143790849661 0.041503267973856145 0.10065359477124171 0.04640522875816987 0.04575163398692802 0.05980392156862735 0.07483660130718942
0.15797101449275366 0.04227053140096622 0.08405797101449278 0.06835748792270532 0.0415458937198068 0.0536231884057971 0.037681159420289906 0.2243961352657006 0.03285024154589377 0.04855072463768119 0.03212560386473435 0.03188405797101453 0.04202898550724644 0.03792270531400971 0.06473429951690819
0.09178743961352669 0.05845410628019334 0.1304347826086957 0.061352657004831 0.06328502415458946 0.06038647342995178 0.05217391304347834 0.060869565217391376 0.04782608695652183 0.05362318840579719 0.05169082125603874 0.05265700483091795 0.08502415458937206 0.05700483091787449 0.07342995169082135
0.030555555555555496 0.04506172839506169 0.048456790123456724 0.04259259259259253 0.044444444444444384 0.03888888888888883 0.04999999999999992 0.0342592592592592 0.33641975308641975 0.04320987654320982 0.030555555555555496 0.0438271604938271 0.05339506172839501 0.03333333333333328 0.12499999999999999
0.07814814814814806 0.10962962962962952 0.08777777777777776 0.08555555555555555 0.0966666666666666 0.04703703703703704 0.03444444444444444 0.05518518518518518 0.03777777777777775 0.037777777777777785 0.06148148148148147 0.03962962962962962 0.0474074074074074 0.10925925925925913 0.0722222222222222
0.030930930930930946 0.08678678678678678 0.08048048048048047 0.0663663663663664 0.11201201201201202 0.0477477477477478 0.03663663663663667 0.04324324324324325 0.0687687687687688 0.10450450450450448 0.06186186186186185 0.037237237237237264 0.10480480480480482 0.040840840840840865 0.07777777777777778
0.041666666666666616 0.056944444444444485 0.050925925925925916 0.04907407407407404 0.06157407407407406 0.05185185185185184 0.0430555555555555 0.04351851851851845 0.04814814814814809 0.11435185185185184 0.1212962962962963 0.0430555555555555 0.17777777777777776 0.04212962962962957 0.054629629629629646
0.08686868686868686 0.059090909090909145 0.1015151515151516 0.054545454545454564 0.06010101010101018 0.059090909090909124 0.051010101010101026 0.06414141414141422 0.05151515151515154 0.12878787878787892 0.047474747474747475 0.04848484848484848 0.07474747474747481 0.05505050505050508 0.057575757575757606
0.030555555555555496 0.0342592592592592 0.03950617283950611 0.3867283950617284 0.03024691358024686 0.047839506172839434 0.03518518518518512 0.05154320987654316 0.10432098765432095 0.03117283950617278 0.04691358024691352 0.04290123456790118 0.03209876543209871 0.04938271604938265 0.03734567901234562
0.11570881226053656 0.057471264367816056 0.17318007662835255 0.04712643678160915 0.05708812260536393 0.05670498084291181 0.04750957854406125 0.054406130268199196 0.04367816091954018 0.11034482758620696 0.04291187739463597 0.04559386973180072 0.05593869731800762 0.042911877394635964 0.04942528735632179
0.04316239316239311 0.0696581196581196 0.04786324786324783 0.054273504273504226 0.11965811965811952 0.04999999999999997 0.052564102564102516 0.04401709401709398 0.166239316239316 0.04658119658119654 0.04102564102564099 0.051282051282051246 0.07521367521367514 0.045299145299145256 0.09316239316239315
0.0565079365079364 0.0431746031746031 0.10412698412698404 0.03714285714285708 0.08031746031746023 0.06126984126984117 0.05111111111111103 0.0466666666666666 0.11968253968253953 0.04095238095238088 0.035238095238095166 0.05587301587301578 0.04730158730158723 0.04095238095238089 0.17968253968253947
0.041880341880341836 0.1423076923076921 0.09529914529914518 0.05042735042735039 0.08632478632478627 0.058547008547008506 0.05256410256410254 0.06495726495726488 0.0636752136752136 0.06666666666666661 0.04487179487179485 0.05811965811965807 0.06196581196581193 0.049145299145299116 0.0632478632478632
0.09212962962962956 0.07592592592592594 0.0666666666666667 0.06898148148148153 0.06990740740740745 0.07268518518518523 0.06296296296296294 0.07268518518518519 0.06018518518518519 0.07731481481481484 0.05277777777777776 0.06111111111111113 0.05879629629629632 0.054166666666666675 0.053703703703703684
0.1365079365079364 0.053439153439153356 0.052910052910052824 0.06349206349206342 0.06719576719576711 0.05449735449735442 0.06455026455026446 0.05502645502645497 0.08730158730158723 0.08306878306878297 0.05291005291005283 0.05502645502645493 0.0576719576719576 0.0539682539682539 0.06243386243386235
0.0915708812260537 0.04827586206896548 0.04329501915708806 0.05363984674329495 0.07624521072796935 0.052107279693486545 0.09386973180076623 0.07931034482758621 0.15747126436781617 0.05670498084291183 0.039080459770114886 0.04406130268199229 0.05440613026819921 0.04061302681992333 0.0693486590038314
0.035069444444444445 0.05243055555555556 0.1361111111111111 0.05798611111111111 0.036458333333333336 0.05555555555555555 0.03611111111111111 0.07430555555555556 0.06909722222222223 0.08125 0.17673611111111112 0.03576388888888889 0.06284722222222222 0.046875 0.043402777777777776
0.03138888888888884 0.12944444444444445 0.047222222222222214 0.040833333333333305 0.03805555555555554 0.06027777777777776 0.034722222222222175 0.05638888888888891 0.03611111111111106 0.14861111111111108 0.07083333333333333 0.04222222222222217 0.04638888888888885 0.12416666666666663 0.09333333333333334
0.047342995169082205 0.0608695652173914 0.10386473429951693 0.057971014492753735 0.06908212560386483 0.07053140096618367 0.049758454106280284 0.05265700483091796 0.05652173913043487 0.06376811594202907 0.09420289855072474 0.05603864734299524 0.10724637681159427 0.05314009661835756 0.057004830917874484
0.07407407407407401 0.11279461279461278 0.047138047138047104 0.05050505050505047 0.05521885521885518 0.05925925925925922 0.04208754208754206 0.03737373737373735 0.04107744107744105 0.04074074074074071 0.14141414141414144 0.04444444444444441 0.11212121212121215 0.10134680134680135 0.04040404040404037
0.051851851851851774 0.06455026455026448 0.05978835978835972 0.06613756613756606 0.06031746031746023 0.059259259259259206 0.05502645502645493 0.05343915343915337 0.11322751322751314 0.06031746031746024 0.10529100529100517 0.057671957671957624 0.06984126984126976 0.06613756613756602 0.05714285714285705
0.18024691358024691 0.08477366255144032 0.09588477366255142 0.05720164609053498 0.044444444444444474 0.10576131687242797 0.03991769547325106 0.07613168724279841 0.04897119341563791 0.04074074074074078 0.04362139917695476 0.04855967078189306 0.04855967078189305 0.04156378600823049 0.04362139917695477
0.0320261437908496 0.04575163398692803 0.05653594771241821 0.0428104575163398 0.09248366013071882 0.17385620915032662 0.03888888888888881 0.08823529411764695 0.04248366013071887 0.041176470588235224 0.04281045751633983 0.1343137254901959 0.05261437908496725 0.03790849673202608 0.07810457516339857
0.05291005291005283 0.0746031746031745 0.06402116402116394 0.053968253968253894 0.06349206349206339 0.06719576719576713 0.05238095238095231 0.056084656084656015 0.060846560846560746 0.06402116402116394 0.07460317460317453 0.06084656084656076 0.06772486772486766 0.09417989417989413 0.09312169312169306
0.06168582375478922 0.05057471264367809 0.16551724137931043 0.05440613026819922 0.05249042145593864 0.06206896551724131 0.04674329501915703 0.09846743295019164 0.09003831417624525 0.05172413793103444 0.05134099616858234 0.04137931034482755 0.08773946360153254 0.04176245210727964 0.04406130268199229
0.06349206349206346 0.06944444444444439 0.06349206349206346 0.08928571428571422 0.07857142857142853 0.06666666666666662 0.048412698412698386 0.07777777777777772 0.04563492063492059 0.046031746031746035 0.06269841269841266 0.08690476190476183 0.0448412698412698 0.053174603174603145 0.10357142857142859
0.04014336917562721 0.06666666666666662 0.04408602150537631 0.050896057347670214 0.05017921146953402 0.08853046594982072 0.05483870967741933 0.04982078853046591 0.2146953405017923 0.049462365591397814 0.07419354838709671 0.046236559139784916 0.08207885304659492 0.04050179211469532 0.047670250896057316
0.11440329218106983 0.11893004115226333 0.07901234567901244 0.05390946502057618 0.046090534979423926 0.05679012345679018 0.04032921810699593 0.11975308641975306 0.041975308641975365 0.04444444444444448 0.09341563786008233 0.0473251028806585 0.05432098765432103 0.04650205761316877 0.042798353909465084
0.021869488536155175 0.05149911816578477 0.029982363315696613 0.05379188712522039 0.04285714285714283 0.04162257495590826 0.029982363315696606 0.08483245149911814 0.026102292768959402 0.2604938271604935 0.10088183421516743 0.042151675485008804 0.06437389770723101 0.08024691358024687 0.06931216931216924
0.043162393162393134 0.0538461538461538 0.06282051282051276 0.05341880341880339 0.05726495726495721 0.06880341880341874 0.10769230769230755 0.04999999999999995 0.13504273504273487 0.05470085470085465 0.061965811965811926 0.049145299145299096 0.0508547008547008 0.06709401709401701 0.0841880341880341
0.0777777777777777 0.044753086419753015 0.041358024691357964 0.19166666666666662 0.0438271604938271 0.05586419753086413 0.15061728395061735 0.05061728395061722 0.042901234567901174 0.03549382716049378 0.06574074074074064 0.06419753086419745 0.048456790123456744 0.045679012345678956 0.04104938271604931
0.040898345153664306 0.04988179669030732 0.1085106382978724 0.07517730496453896 0.04964539007092195 0.07470449172576828 0.05531914893617022 0.09574468085106383 0.036879432624113466 0.032860520094562654 0.10047281323877069 0.10969267139479909 0.04988179669030731 0.07872340425531911 0.04160756501182032
0.036398467432950166 0.054789272030651336 0.08429118773946355 0.04329501915708809 0.059386973180076574 0.06130268199233716 0.11839080459770127 0.07854406130268198 0.04750957854406125 0.04482758620689652 0.0478927203065134 0.1624521072796935 0.053256704980842874 0.044061302681992306 0.0636015325670498
0.05326797385620908 0.06993464052287574 0.05294117647058816 0.04999999999999993 0.0888888888888888 0.05392156862745091 0.04150326797385613 0.06601307189542474 0.050980392156862654 0.0866013071895424 0.036601307189542416 0.04640522875816987 0.06078431372549012 0.06666666666666655 0.17549019607843125
0.06452991452991448 0.0773504273504273 0.04957264957264952 0.14957264957264935 0.0636752136752136 0.061965811965811884 0.04786324786324784 0.05213675213675211 0.05128205128205122 0.04743589743589739 0.08461538461538451 0.05427350427350424 0.09572649572649564 0.04273504273504271 0.05726495726495722
0.03888888888888888 0.05740740740740739 0.07259259259259254 0.07851851851851847 0.12777777777777766 0.044814814814814814 0.04259259259259257 0.044814814814814814 0.04259259259259258 0.14148148148148132 0.04074074074074074 0.05629629629629626 0.08740740740740738 0.06851851851851846 0.05555555555555554
0.045410628019323745 0.049758454106280256 0.07487922705314018 0.04830917874396144 0.04637681159420297 0.06231884057971025 0.049758454106280284 0.05410628019323681 0.19855072463768117 0.04541062801932375 0.08357487922705327 0.07729468599033826 0.0473429951690822 0.04541062801932375 0.07149758454106282
0.06285714285714276 0.04158730158730154 0.04888888888888882 0.04349206349206343 0.08920634920634915 0.05333333333333326 0.12412698412698396 0.051111111111111045 0.09650793650793638 0.04507936507936502 0.031111111111111055 0.06507936507936499 0.12920634920634907 0.03650793650793645 0.08190476190476186
0.04933333333333337 0.05644444444444448 0.047111111111111145 0.0795555555555556 0.04888888888888892 0.057333333333333375 0.05333333333333337 0.04977777777777781 0.05022222222222226 0.04977777777777781 0.04755555555555559 0.22666666666666654 0.05155555555555559 0.08266666666666674 0.04977777777777781
0.0641414141414142 0.06111111111111115 0.07373737373737381 0.0762626262626263 0.06161616161616166 0.06262626262626268 0.06666666666666674 0.11060606060606067 0.05757575757575762 0.05404040404040408 0.08939393939393943 0.056565656565656604 0.05101010101010101 0.055555555555555594 0.059090909090909145
0.04145299145299142 0.07606837606837599 0.07094017094017088 0.04999999999999996 0.07264957264957259 0.07393162393162388 0.06709401709401705 0.05982905982905978 0.09059829059829051 0.06623931623931618 0.04743589743589739 0.051282051282051246 0.0777777777777777 0.04871794871794867 0.10598290598290584
0.05026455026455019 0.06296296296296287 0.10582010582010572 0.06402116402116395 0.065079365079365 0.08148148148148138 0.06349206349206343 0.06613756613756606 0.05714285714285706 0.09047619047619045 0.051851851851851774 0.050793650793650724 0.07936507936507925 0.052380952380952306 0.05873015873015866
0.05353535353535355 0.06767676767676774 0.06969696969696978 0.06212121212121217 0.05909090909090911 0.06212121212121221 0.06212121212121217 0.06262626262626267 0.09696969696969694 0.07525252525252533 0.05858585858585862 0.06313131313131322 0.06818181818181825 0.06868686868686874 0.07020202020202021
0.03629629629629628 0.04333333333333332 0.2874074074074075 0.07259259259259256 0.07703703703703701 0.04925925925925921 0.037037037037037035 0.04629629629629626 0.03888888888888889 0.03999999999999997 0.10777777777777765 0.038888888888888876 0.048518518518518516 0.03703703703703703 0.03962962962962964
0.033333333333333284 0.04104938271604933 0.08456790123456785 0.04228395061728389 0.2441358024691358 0.06882716049382709 0.03641975308641969 0.06790123456790118 0.036728395061728335 0.03518518518518513 0.07716049382716042 0.03549382716049376 0.09259259259259256 0.05246913580246907 0.051851851851851795
0.07429519071310116 0.14543946932006627 0.05107794361525704 0.0474295190713101 0.18623548922056377 0.03316749585406299 0.07313432835820897 0.0892205638474295 0.03615257048092869 0.0517412935323383 0.06766169154228856 0.05273631840796019 0.033499170812603625 0.025870646766169157 0.032338308457711434
0.045614035087719294 0.04239766081871345 0.03567251461988303 0.04385964912280702 0.10467836257309938 0.06315789473684204 0.038011695906432746 0.033918128654970764 0.05935672514619878 0.3219298245614034 0.03216374269005845 0.03654970760233917 0.044736842105263165 0.03391812865497077 0.06403508771929821
0.03496732026143784 0.06405228758169926 0.06339869281045743 0.06633986928104565 0.0428104575163398 0.055228758169934555 0.04575163398692802 0.05915032679738555 0.1483660130718952 0.061437908496731974 0.06666666666666655 0.08137254901960778 0.05228758169934634 0.0513071895424836 0.10686274509803907
0.25526315789473675 0.04678362573099413 0.06491228070175432 0.05497076023391808 0.05438596491228067 0.05906432748538009 0.03947368421052629 0.09766081871345027 0.03596491228070175 0.03450292397660818 0.04444444444444443 0.03918128654970759 0.046198830409356705 0.06637426900584792 0.06081871345029235
