0.048699763593380616 0.026004728132387692 0.040661938534278956 0.033096926713948 0.08203309692671394 0.04491725768321511 0.03475177304964539 0.02695035460992906 0.25791962174940897 0.03356973995271869 0.11938534278959811 0.062411347517730496 0.10165484633569742 0.027659574468085105 0.060283687943262394
0.053125 0.04236111111111111 0.06805555555555555 0.034027777777777775 0.035416666666666666 0.04513888888888889 0.10277777777777777 0.03715277777777778 0.06805555555555555 0.18888888888888888 0.0763888888888889 0.04583333333333333 0.05659722222222222 0.03263888888888889 0.11354166666666667
0.045061728395061756 0.10020576131687238 0.04238683127572018 0.061316872427983525 0.02510288065843624 0.10000000000000003 0.1769547325102881 0.0366255144032922 0.04711934156378603 0.053909465020576114 0.07551440329218108 0.03106995884773665 0.049176954732510283 0.02901234567901238 0.12654320987654324
0.04988662131519273 0.046485260770975055 0.10056689342403625 0.030385487528344652 0.039115646258503396 0.06507936507936508 0.05226757369614515 0.08015873015873018 0.12471655328798187 0.027324263038548728 0.20929705215419506 0.058616780045351466 0.0707482993197279 0.014852607709750557 0.030498866213151902
0.03777777777777777 0.033333333333333326 0.03518518518518517 0.03407407407407407 0.0348148148148148 0.034074074074074055 0.05777777777777776 0.039999999999999966 0.04592592592592591 0.03481481481481481 0.035185185185185174 0.03407407407407407 0.03703703703703702 0.45148148148148126 0.05444444444444445
0.043703703703703696 0.03740740740740738 0.11222222222222214 0.040370370370370355 0.03740740740740741 0.05074074074074072 0.04518518518518519 0.12333333333333323 0.0462962962962963 0.04407407407407407 0.042222222222222223 0.23185185185185173 0.04888888888888889 0.05740740740740737 0.03888888888888889
0.24767025089605738 0.019534050179211455 0.04157706093189961 0.038351254480286714 0.04641577060931897 0.03602150537634406 0.12455197132616491 0.03781362007168456 0.053763440860215055 0.030824372759856614 0.03835125448028671 0.024193548387096756 0.11971326164874554 0.07831541218637997 0.06290322580645163
0.06805555555555555 0.03888888888888889 0.04236111111111111 0.05138888888888889 0.03958333333333333 0.04201388888888889 0.05763888888888889 0.03958333333333333 0.25555555555555554 0.090625 0.04756944444444444 0.050347222222222224 0.09479166666666666 0.034027777777777775 0.04756944444444444
0.07308641975308641 0.032345679012345654 0.13283950617283938 0.028888888888888856 0.1634567901234566 0.034320987654320935 0.02543209876543207 0.1918518518518516 0.03209876543209873 0.033827160493827134 0.04222222222222219 0.05802469135802464 0.02864197530864194 0.05135802469135798 0.07160493827160488
0.16769547325102882 0.08353909465020573 0.029423868312757225 0.05020576131687243 0.02839506172839508 0.14917695473251033 0.15555555555555556 0.02366255144032925 0.03106995884773664 0.052057613168724266 0.029012345679012362 0.0516460905349794 0.03580246913580248 0.02057613168724282 0.09218106995884771
0.042094017094017055 0.08525641025641015 0.0395299145299145 0.031196581196581166 0.03611111111111107 0.029487179487179473 0.04700854700854696 0.0747863247863247 0.025213675213675197 0.25705128205128197 0.07478632478632471 0.07094017094017088 0.06260683760683754 0.025213675213675183 0.09871794871794866
0.0715555555555556 0.05333333333333337 0.06400000000000004 0.04266666666666669 0.06533333333333338 0.0506666666666667 0.06088888888888893 0.08711111111111117 0.13644444444444437 0.06666666666666672 0.06044444444444449 0.05111111111111115 0.0724444444444445 0.0417777777777778 0.07555555555555561
0.13084291187739464 0.03256704980842911 0.16781609195402303 0.04291187739463599 0.06436781609195405 0.04137931034482758 0.07547892720306514 0.08429118773946365 0.0559386973180077 0.08122605363984682 0.03850574712643677 0.054789272030651356 0.030076628352490396 0.06685823754789279 0.0329501915708812
0.03194444444444442 0.17599206349206353 0.06269841269841271 0.03293650793650791 0.03432539682539681 0.03988095238095235 0.13769841269841263 0.07460317460317459 0.05595238095238096 0.10595238095238094 0.05317460317460315 0.05535714285714284 0.0875 0.0232142857142857 0.02876984126984125
0.042592592592592536 0.046913580246913514 0.03765432098765425 0.038580246913580196 0.04907407407407403 0.05462962962962958 0.06080246913580238 0.07438271604938261 0.04413580246913574 0.2839506172839506 0.053395061728395 0.08148148148148139 0.06481481481481473 0.03333333333333328 0.03425925925925919
0.03747276688453155 0.015359477124182992 0.05054466230936814 0.03442265795206968 0.019063180827886685 0.019825708061002166 0.11339869281045745 0.062309368191721066 0.028431372549019576 0.056209150326797325 0.02952069716775597 0.2700435729847494 0.044008714596949855 0.021677559912854014 0.1977124183006534
0.05465465465465469 0.10420420420420409 0.07537537537537538 0.19819819819819826 0.04804804804804808 0.04804804804804807 0.08048048048048048 0.03303303303303306 0.054354354354354394 0.04294294294294297 0.05945945945945948 0.042342342342342375 0.07327327327327333 0.02972972972972974 0.055855855855855875
0.06799620132953464 0.06353276353276346 0.03437796771130104 0.024121557454890766 0.16533713200379843 0.15745489078822394 0.03276353276353274 0.018233618233618222 0.019373219373219362 0.06362773029439688 0.07644824311490973 0.04567901234567899 0.17473884140550783 0.017188983855650514 0.03912630579297242
0.05148148148148147 0.039999999999999994 0.03851851851851851 0.0622222222222222 0.06111111111111108 0.04407407407407406 0.04444444444444447 0.04074074074074074 0.06222222222222222 0.05037037037037035 0.0474074074074074 0.11407407407407397 0.19629629629629622 0.0807407407407407 0.06629629629629628
0.05897435897435891 0.036752136752136705 0.07293447293447283 0.03960113960113956 0.03276353276353272 0.050427350427350366 0.1190883190883189 0.10398860398860388 0.07350427350427342 0.09173789173789165 0.11937321937321921 0.06096866096866093 0.06809116809116801 0.02962962962962958 0.04216524216524212
0.07193362193362192 0.06204906204906205 0.0903318903318903 0.1489177489177489 0.04834054834054832 0.18946608946608956 0.04451659451659451 0.0328282828282828 0.017532467532467517 0.04862914862914862 0.03896103896103895 0.025036075036075016 0.03217893217893217 0.01536796536796534 0.13391053391053392
0.04064327485380116 0.03274853801169589 0.050584795321637406 0.06432748538011694 0.11725146198830409 0.04122807017543858 0.03771929824561402 0.033918128654970736 0.040058479532163724 0.08508771929824553 0.15204678362573096 0.06198830409356721 0.04999999999999999 0.03070175438596491 0.1616959064327485
0.06666666666666662 0.03655913978494621 0.08064516129032252 0.12043010752688173 0.046594982078853014 0.06451612903225802 0.06379928315412181 0.06200716845878133 0.14121863799283157 0.049462365591397814 0.08888888888888882 0.05125448028673832 0.050537634408602115 0.03691756272401431 0.04050179211469532
0.0476495726495726 0.03739316239316237 0.06709401709401704 0.07884615384615379 0.031410256410256375 0.04465811965811962 0.044230769230769185 0.03376068376068372 0.21474358974358973 0.036538461538461506 0.12072649572649569 0.029487179487179455 0.09850427350427352 0.0728632478632478 0.04209401709401707
0.05555555555555557 0.04259259259259254 0.046759259259259216 0.050462962962962925 0.0560185185185185 0.05601851851851853 0.04629629629629626 0.13379629629629625 0.0592592592592593 0.056018518518518495 0.04768518518518515 0.16064814814814807 0.04490740740740736 0.09907407407407406 0.04490740740740736
0.06533333333333338 0.0426666666666667 0.08088888888888894 0.05244444444444448 0.06711111111111115 0.09288888888888892 0.05111111111111115 0.06800000000000005 0.05733333333333336 0.06044444444444449 0.171111111111111 0.0466666666666667 0.05777777777777782 0.04266666666666669 0.04355555555555558
0.04750957854406125 0.042528735632183866 0.040996168582375425 0.039463601532567005 0.04022988505747123 0.03908045977011489 0.061685823754789246 0.08429118773946358 0.29042145593869745 0.05785440613026816 0.04789272030651336 0.052490421455938664 0.06819923371647509 0.04022988505747122 0.04712643678160915
0.06031746031746024 0.05449735449735442 0.05079365079365071 0.05185185185185179 0.052380952380952306 0.09629629629629621 0.05238095238095231 0.07248677248677239 0.1555555555555554 0.06084656084656077 0.07619047619047609 0.05714285714285706 0.05449735449735443 0.053968253968253894 0.050793650793650724
0.06089743589743591 0.013782051282051275 0.11591880341880338 0.040491452991452945 0.08493589743589741 0.03985042735042732 0.026388888888888858 0.03311965811965807 0.026495726495726457 0.12948717948717947 0.09166666666666665 0.15566239316239316 0.03247863247863244 0.01356837606837606 0.13525641025641025
0.03942652329749101 0.03870967741935481 0.09784946236559137 0.06272401433691753 0.08064516129032252 0.050537634408602115 0.05412186379928312 0.0996415770609319 0.03655913978494621 0.09103942652329745 0.08243727598566303 0.14014336917562728 0.05161290322580642 0.03548387096774191 0.03906810035842291
0.06444444444444442 0.11074074074074063 0.15037037037037018 0.055925925925925934 0.052592592592592566 0.09518518518518514 0.12037037037037025 0.04185185185185185 0.04925925925925927 0.044814814814814814 0.044074074074074064 0.03925925925925926 0.052222222222222225 0.033703703703703694 0.04518518518518518
0.08121693121693115 0.02830687830687827 0.09867724867724854 0.044179894179894146 0.04312169312169308 0.09074074074074068 0.1653439153439151 0.0756613756613756 0.04206349206349203 0.051058201058201025 0.05132275132275129 0.11825396825396813 0.04788359788359786 0.028571428571428532 0.03359788359788355
0.06759259259259263 0.05185185185185184 0.08240740740740746 0.05092592592592592 0.05509259259259259 0.10787037037037031 0.05138888888888888 0.049537037037037004 0.05277777777777776 0.057407407407407414 0.08611111111111111 0.12222222222222226 0.0611111111111111 0.05046296296296296 0.05324074074074071
0.03049095607235145 0.027390180878553 0.03204134366925068 0.03488372093023259 0.027906976744186077 0.06046511627906982 0.03488372093023259 0.0485788113695091 0.044186046511627955 0.03178294573643414 0.054780361757106 0.0506459948320414 0.4294573643410854 0.06614987080103366 0.026356589147286853
0.06329966329966326 0.036363636363636334 0.045117845117845085 0.049831649831649796 0.19629629629629644 0.07138047138047134 0.052861952861952825 0.05656565656565653 0.05925925925925922 0.05286195286195283 0.05925925925925923 0.1336700336700337 0.05555555555555552 0.03265993265993264 0.03501683501683499
0.05633074935400522 0.03229974160206722 0.03850129198966412 0.040051679586563346 0.031007751937984527 0.040310077519379886 0.034625322997416046 0.11007751937984508 0.04599483204134371 0.07622739018087862 0.16304909560723532 0.21317829457364357 0.05633074935400523 0.025322997416020697 0.03669250645994836
0.057555555555555554 0.02533333333333335 0.09422222222222221 0.07355555555555551 0.03911111111111114 0.05444444444444442 0.11133333333333327 0.15288888888888888 0.07688888888888885 0.03244444444444446 0.043777777777777804 0.05955555555555554 0.04111111111111114 0.07111111111111107 0.06666666666666665
0.06230158730158726 0.04087301587301585 0.04365079365079364 0.04523809523809522 0.05952380952380946 0.05039682539682538 0.04642857142857141 0.08769841269841264 0.03928571428571427 0.051190476190476154 0.23055555555555549 0.08373015873015865 0.04920634920634919 0.043253968253968225 0.06666666666666662
0.0888888888888889 0.11954022988505751 0.03703703703703704 0.0352490421455939 0.0282247765006386 0.04699872286079182 0.040613026819923397 0.021966794380587507 0.060791826309067695 0.17445721583652618 0.12771392081736918 0.027458492975734366 0.029885057471264378 0.02056194125159645 0.14061302681992344
0.03234567901234564 0.030123456790123418 0.03802469135802466 0.06518518518518514 0.026172839506172805 0.043456790123456754 0.0316049382716049 0.027407407407407363 0.034814814814814785 0.033086419753086384 0.03234567901234564 0.05382716049382711 0.48938271604938255 0.02567901234567898 0.03654320987654317
0.06013071895424828 0.037254901960784244 0.041830065359477066 0.06699346405228748 0.06274509803921557 0.06732026143790841 0.04313725490196071 0.07516339869281034 0.04411764705882345 0.04999999999999993 0.13888888888888873 0.11960784313725477 0.08169934640522869 0.039542483660130655 0.07156862745098032
0.041558441558441524 0.025252525252525224 0.1284271284271284 0.030880230880230838 0.030591630591630562 0.04588744588744588 0.10548340548340553 0.04170274170274167 0.057287157287157255 0.14935064935064923 0.08398268398268396 0.06839826839826836 0.06984126984126982 0.08297258297258289 0.03838383838383837
0.04646464646464643 0.03703703703703701 0.050841750841750806 0.0757575757575757 0.03164983164983163 0.08148148148148143 0.3117845117845119 0.035016835016834995 0.03265993265993264 0.04680134680134677 0.05622895622895619 0.040067340067340036 0.07037037037037033 0.030976430976430953 0.052861952861952825
0.04296296296296293 0.037777777777777764 0.04370370370370371 0.08111111111111106 0.035555555555555535 0.04444444444444445 0.048148148148148134 0.03666666666666666 0.08259259259259258 0.03888888888888888 0.04592592592592593 0.11148148148148138 0.26333333333333325 0.03407407407407407 0.05333333333333331
0.05277777777777782 0.045833333333333295 0.06898148148148153 0.051388888888888866 0.05416666666666667 0.08055555555555556 0.048148148148148134 0.21018518518518509 0.04444444444444439 0.054629629629629646 0.07361111111111111 0.05277777777777778 0.07361111111111113 0.0430555555555555 0.04583333333333328
0.12267267267267266 0.05570570570570566 0.026576576576576607 0.048198198198198205 0.23798798798798798 0.04474474474474475 0.022522522522522535 0.06726726726726728 0.05105105105105103 0.029279279279279317 0.14024024024024026 0.059009009009008996 0.02942942942942945 0.027327327327327334 0.037987987987988
0.05999999999999996 0.08366013071895415 0.018562091503267958 0.06862745098039211 0.020915032679738547 0.06718954248366008 0.34287581699346353 0.013594771241830051 0.06339869281045742 0.05098039215686271 0.05424836601307185 0.016862745098039204 0.061307189542483584 0.014117647058823509 0.06366013071895417
0.14614197530864206 0.020524691358024656 0.04537037037037036 0.03533950617283946 0.027160493827160466 0.03117283950617281 0.07762345679012346 0.05169753086419754 0.07530864197530861 0.036728395061728356 0.09753086419753085 0.09675925925925923 0.04367283950617281 0.0876543209876543 0.1273148148148148
0.05690235690235687 0.047138047138047104 0.05656565656565653 0.03939393939393936 0.04343434343434341 0.05117845117845114 0.0821548821548821 0.04444444444444441 0.05117845117845114 0.043097643097643065 0.12929292929292935 0.06094276094276091 0.07340067340067334 0.036026936026936 0.18484848484848493
0.06666666666666662 0.03703703703703701 0.052861952861952825 0.036363636363636334 0.042760942760942736 0.06666666666666662 0.08989898989898983 0.036363636363636334 0.1343434343434344 0.03804713804713802 0.045117845117845085 0.1542087542087543 0.1195286195286196 0.037037037037037014 0.04309764309764307
0.06666666666666675 0.04848484848484849 0.05555555555555562 0.05454545454545458 0.06565656565656569 0.059090909090909145 0.05303030303030306 0.07373737373737378 0.10050505050505056 0.06262626262626268 0.08939393939393944 0.10101010101010106 0.055555555555555615 0.06414141414141417 0.05
0.041787439613526614 0.030434782608695702 0.18115942028985504 0.031159420289855112 0.0852657004830918 0.048792270531400984 0.03985507246376818 0.049516908212560405 0.09710144927536235 0.08768115942028988 0.05265700483091785 0.0671497584541063 0.06521739130434782 0.026811594202898595 0.09541062801932368
0.24203703703703705 0.02148148148148148 0.030925925925925916 0.07888888888888881 0.02648148148148146 0.03462962962962961 0.05666666666666665 0.04388888888888888 0.04074074074074073 0.03944444444444442 0.029074074074074054 0.2725925925925926 0.03925925925925923 0.017777777777777778 0.026111111111111106
0.07337962962962963 0.0289351851851852 0.1581018518518518 0.04699074074074076 0.03333333333333335 0.0560185185185185 0.03796296296296297 0.039120370370370375 0.03310185185185187 0.1652777777777778 0.04652777777777778 0.08958333333333332 0.09189814814814816 0.024768518518518523 0.07500000000000002
0.04768518518518516 0.04212962962962957 0.04999999999999998 0.04351851851851847 0.04490740740740734 0.04999999999999999 0.054629629629629625 0.054629629629629625 0.05185185185185184 0.050462962962962966 0.07407407407407411 0.2689814814814815 0.059722222222222274 0.06111111111111113 0.04629629629629626
0.05205479452054795 0.043937087772704206 0.19421613394216128 0.13079654997463222 0.08193810248604767 0.05763571790969052 0.11380010147133433 0.018670725520040586 0.04824961948249618 0.0526128868594622 0.017554540842212068 0.06113647894469814 0.030441400304413987 0.012227295788939623 0.084728564180619
0.04323116219667943 0.11979565772669229 0.030779054916985963 0.02171136653895275 0.027841634738186457 0.02324393358876118 0.06564495530012772 0.023371647509578555 0.3540229885057471 0.01455938697318009 0.02228607918263091 0.014623243933588777 0.03697318007662835 0.09265644955300131 0.10925925925925926
0.06336805555555555 0.02361111111111111 0.03159722222222222 0.026041666666666668 0.021875 0.04392361111111111 0.04982638888888889 0.02638888888888889 0.2467013888888889 0.03298611111111111 0.11770833333333333 0.04479166666666667 0.04618055555555556 0.04739583333333333 0.17760416666666667
0.03851851851851849 0.026419753086419712 0.12419753086419742 0.04172839506172835 0.04024691358024689 0.11679012345679005 0.20197530864197502 0.036790123456790086 0.11679012345679005 0.030123456790123418 0.04395061728395061 0.028148148148148113 0.06172839506172835 0.026172839506172805 0.06641975308641969
0.044173441734417375 0.029268292682926852 0.04037940379403797 0.039837398373983764 0.033333333333333354 0.11300813008130077 0.0978319783197832 0.059891598915989205 0.050677506775067785 0.08319783197831984 0.12168021680216796 0.1084010840108401 0.09457994579945803 0.027100271002710046 0.056639566395664
0.055873015873015804 0.12095238095238083 0.06412698412698405 0.04412698412698405 0.046984126984126906 0.05111111111111104 0.04507936507936502 0.058730158730158646 0.14349206349206337 0.04730158730158723 0.05968253968253962 0.06031746031746023 0.059047619047618995 0.10698412698412683 0.036190476190476134
0.05384615384615382 0.04017094017094014 0.06923076923076915 0.0508547008547008 0.04316239316239312 0.058547008547008485 0.05769230769230765 0.0397435897435897 0.04102564102564098 0.046581196581196534 0.07435897435897429 0.08974358974358967 0.2525641025641026 0.038888888888888855 0.043589743589743546
0.2900284900284897 0.044349477682810994 0.07996201329534654 0.0992402659069325 0.040930674264007566 0.06866096866096857 0.022412155745489062 0.03808167141500471 0.03048433048433046 0.039696106362772994 0.10493827160493817 0.026305792972459625 0.031908831908831876 0.013770180436847095 0.06923076923076915
0.0862745098039215 0.036601307189542416 0.18823529411764683 0.034640522875816926 0.20032679738562073 0.07091503267973849 0.041503267973856145 0.039869281045751555 0.04052287581699338 0.036274509803921495 0.05163398692810451 0.03496732026143784 0.07287581699346395 0.03137254901960777 0.0339869281045751
0.039534883720930274 0.02609819121447031 0.07726098191214477 0.02971576227390184 0.03410852713178298 0.04263565891472873 0.04573643410852717 0.0485788113695091 0.024547803617571085 0.23850129198966413 0.053488372093023304 0.16227390180878573 0.043410852713178336 0.023772609819121476 0.11033591731266164
0.06129032258064512 0.03655913978494621 0.03369175627240141 0.03512544802867381 0.03369175627240141 0.03476702508960571 0.03512544802867381 0.04874551971326162 0.2874551971326167 0.03405017921146951 0.04157706093189961 0.046594982078853014 0.04014336917562721 0.188888888888889 0.042293906810035815
0.045370370370370325 0.07037037037037033 0.06759259259259259 0.04537037037037032 0.04629629629629626 0.05277777777777776 0.04861111111111109 0.14907407407407403 0.06296296296296294 0.11666666666666663 0.05324074074074074 0.062962962962963 0.04768518518518516 0.086111111111111 0.044907407407407354
0.04755555555555559 0.04222222222222225 0.04355555555555558 0.05555555555555559 0.045333333333333364 0.05333333333333337 0.05111111111111115 0.048000000000000036 0.04311111111111114 0.045777777777777806 0.061333333333333365 0.2244444444444444 0.13688888888888884 0.04222222222222225 0.0595555555555556
0.03712737127371276 0.1002710027100271 0.12303523035230353 0.04281842818428187 0.03414634146341466 0.036043360433604364 0.04552845528455288 0.0582655826558266 0.09159891598915994 0.04173441734417347 0.036314363143631456 0.03468834688346886 0.060433604336043396 0.22059620596205956 0.03739837398373986
0.059259259259259296 0.03991769547325109 0.05102880658436218 0.04938271604938277 0.07201646090534984 0.057201646090535026 0.052263374485596745 0.12921810699588476 0.08518518518518525 0.11440329218106991 0.0843621399176955 0.06748971193415645 0.05802469135802477 0.03786008230452679 0.042386831275720224
0.08367346938775508 0.02448979591836735 0.07868480725623578 0.02902494331065757 0.09229024943310661 0.0861678004535147 0.035147392290249393 0.08276643990929708 0.09229024943310653 0.03809523809523806 0.03945578231292513 0.031972789115646244 0.08458049886621312 0.025170068027210887 0.1761904761904763
0.19727095516569193 0.032358674463937656 0.08771929824561402 0.0366471734892788 0.2682261208576997 0.09103313840155945 0.030214424951267096 0.025536062378167673 0.025730994152046823 0.037037037037037056 0.05380116959064327 0.030994152046783668 0.028460038986354796 0.023976608187134537 0.030994152046783664
0.03639455782312923 0.055102040816326546 0.05158730158730155 0.3673469387755102 0.026303854875283417 0.09523809523809526 0.08015873015873021 0.03424036281179136 0.04512471655328797 0.03650793650793648 0.02607709750566891 0.029251700680272094 0.045691609977324237 0.013832199546485256 0.05714285714285713
0.12910052910052897 0.030687830687830663 0.10925925925925917 0.04629629629629626 0.03280423280423276 0.08703703703703697 0.0333333333333333 0.030158730158730114 0.03915343915343911 0.03730158730158725 0.040211640211640164 0.15238095238095223 0.10873015873015864 0.02751322751322747 0.09603174603174594
0.04054834054834052 0.019913419913419883 0.031168831168831148 0.07344877344877342 0.10404040404040403 0.02886002886002884 0.021356421356421323 0.06450216450216442 0.14704184704184697 0.15555555555555542 0.16551226551226547 0.04083694083694078 0.024675324675324652 0.030014430014429976 0.05252525252525248
0.131111111111111 0.09799999999999996 0.11644444444444435 0.03088888888888891 0.030666666666666682 0.055777777777777746 0.09666666666666655 0.022888888888888903 0.026222222222222237 0.050666666666666645 0.06311111111111112 0.10311111111111107 0.07955555555555552 0.022444444444444458 0.07244444444444442
0.048290598290598265 0.1675213675213673 0.04401709401709397 0.044017094017093965 0.04017094017094012 0.04358974358974357 0.051709401709401664 0.04230769230769227 0.0679487179487179 0.060683760683760614 0.09059829059829053 0.13846153846153827 0.07094017094017088 0.04145299145299141 0.048290598290598244
0.05942028985507256 0.053140096618357585 0.056521739130434887 0.05024154589371988 0.05024154589371989 0.04927536231884065 0.052173913043478355 0.13816425120772954 0.11497584541062804 0.06086956521739139 0.057004830917874484 0.07149758454106288 0.061352657004831 0.0724637681159421 0.05265700483091798
0.09055555555555554 0.02916666666666662 0.041666666666666616 0.03055555555555551 0.04944444444444444 0.0958333333333333 0.055555555555555546 0.15472222222222223 0.061666666666666634 0.08083333333333331 0.09749999999999999 0.0430555555555555 0.03527777777777775 0.07805555555555561 0.05611111111111109
0.06044444444444448 0.0595555555555556 0.053777777777777806 0.07866666666666673 0.05200000000000004 0.055555555555555594 0.055555555555555594 0.07244444444444449 0.0915555555555556 0.07111111111111117 0.12044444444444434 0.05422222222222225 0.05555555555555559 0.060000000000000046 0.05911111111111114
0.08134430727023322 0.02139917695473253 0.08079561042524007 0.06392318244170103 0.03772290809327849 0.0395061728395062 0.12359396433470508 0.02016460905349796 0.04389574759945135 0.10233196159122085 0.10493827160493825 0.09355281207133063 0.1027434842249657 0.016460905349794268 0.06762688614540467
0.022962962962962942 0.14433862433862418 0.07915343915343906 0.15079365079365065 0.015238095238095226 0.09343915343915336 0.14042328042328028 0.04158730158730154 0.03661375661375658 0.09968253968253954 0.019259259259259247 0.023174603174603157 0.07079365079365073 0.04190476190476187 0.020634920634920617
0.11007407407407413 0.07081481481481483 0.03955555555555556 0.14088888888888895 0.04414814814814815 0.04918518518518519 0.10785185185185181 0.04029629629629632 0.027111111111111124 0.12399999999999999 0.07200000000000004 0.0820740740740741 0.027703703703703696 0.03200000000000002 0.03229629629629629
0.07592592592592594 0.04398148148148142 0.04814814814814811 0.08796296296296299 0.11712962962962964 0.05740740740740744 0.05231481481481482 0.0472222222222222 0.06805555555555555 0.052777777777777805 0.06157407407407404 0.0523148148148148 0.06851851851851853 0.11944444444444445 0.0472222222222222
0.04233716475095785 0.025670498084291164 0.04042145593869731 0.1375478927203066 0.06609195402298854 0.13946360153256715 0.0549808429118774 0.021455938697317975 0.043869731800766254 0.06187739463601532 0.032567049808429095 0.06187739463601533 0.17145593869731804 0.06091954022988511 0.03946360153256704
0.07352245862884156 0.024822695035460987 0.036170212765957444 0.10992907801418439 0.031205673758865255 0.04420803782505911 0.08888888888888886 0.026713947990543715 0.10425531914893621 0.06004728132387705 0.09952718676122928 0.11938534278959809 0.06784869976359333 0.024113475177304944 0.08936170212765952
0.04248366013071889 0.11078431372549004 0.04444444444444436 0.25424836601307194 0.043137254901960694 0.04607843137254895 0.03986928104575157 0.035620915032679674 0.03235294117647052 0.05849673202614373 0.038562091503267906 0.13496732026143773 0.047712418300653515 0.033333333333333263 0.03790849673202608
0.044186046511627955 0.032041343669250676 0.031782945736434136 0.03720930232558143 0.045219638242894086 0.03488372093023259 0.0904392764857882 0.032816537467700295 0.04573643410852719 0.18966408268733867 0.19147286821705442 0.10284237726098204 0.04728682170542641 0.027648578811369538 0.046770025839793325
0.04927536231884066 0.052173913043478355 0.057971014492753714 0.048792270531401054 0.051690821256038716 0.048792270531401054 0.05120772946859913 0.15024154589371988 0.06956521739130445 0.05217391304347836 0.1333333333333334 0.0685990338164252 0.04830917874396143 0.05942028985507255 0.058454106280193326
0.07822222222222228 0.051111111111111135 0.07022222222222227 0.048000000000000036 0.0506666666666667 0.11155555555555546 0.06355555555555559 0.06622222222222227 0.05333333333333337 0.07377777777777782 0.08044444444444451 0.059111111111111156 0.09111111111111114 0.05200000000000004 0.0506666666666667
0.06842105263157888 0.09532163742690061 0.042397660818713434 0.08654970760233915 0.04269005847953215 0.07573099415204673 0.046198830409356705 0.07865497076023381 0.03157894736842104 0.11286549707602332 0.044444444444444425 0.1622807017543859 0.05146198830409353 0.028070175438596485 0.03333333333333333
0.21825396825396812 0.09576719576719564 0.028306878306878266 0.14656084656084636 0.03994708994708991 0.04206349206349203 0.05396825396825394 0.03518518518518513 0.05476190476190469 0.08439153439153431 0.04788359788359784 0.03730158730158725 0.039947089947089905 0.034656084656084614 0.04100529100529097
0.04882154882154879 0.03569023569023566 0.08047138047138042 0.11818181818181822 0.07171717171717168 0.04074074074074071 0.040067340067340036 0.042087542087542056 0.0636363636363636 0.23535353535353545 0.04074074074074071 0.04478114478114475 0.040067340067340036 0.05824915824915821 0.03939393939393936
0.013220815752461331 0.0451758087201125 0.006300984528832639 0.23445850914205332 0.03938115330520395 0.4526582278481012 0.009535864978902962 0.009113924050632919 0.01954992967651197 0.01437412095639945 0.06939521800281298 0.03198312236286922 0.018509142053445865 0.015133614627285533 0.021209563994374125
0.1602564102564102 0.07072649572649563 0.04401709401709397 0.053205128205128155 0.21239316239316228 0.037179487179487145 0.09294871794871791 0.03141025641025638 0.031410256410256375 0.09188034188034179 0.035042735042735015 0.029059829059829036 0.030769230769230743 0.022222222222222206 0.05747863247863241
0.08989247311827961 0.09096774193548388 0.014767025089605737 0.25261648745519716 0.013261648745519711 0.03813620071684587 0.2194982078853046 0.013978494623655911 0.013691756272401438 0.036989247311827955 0.01584229390681003 0.03397849462365589 0.06609318996415767 0.008530465949820798 0.09175627240143369
0.034502923976608174 0.11140350877192981 0.06783625730994147 0.034795321637426886 0.031286549707602335 0.0374269005847953 0.03538011695906431 0.029239766081871336 0.07192982456140343 0.038596491228070164 0.06637426900584789 0.0327485380116959 0.03654970760233914 0.027485380116959064 0.3444444444444442
0.0523504273504273 0.06175213675213663 0.030769230769230743 0.03461538461538459 0.027350427350427323 0.06880341880341875 0.03568376068376065 0.07606837606837599 0.03717948717948715 0.1508547008547008 0.08696581196581188 0.1950854700854701 0.0852564102564102 0.021367521367521347 0.03589743589743587
0.05192307692307688 0.10726495726495726 0.06303418803418799 0.05320512820512814 0.2636752136752137 0.031410256410256375 0.036324786324786286 0.04188034188034183 0.04102564102564098 0.07863247863247858 0.0959401709401709 0.04722222222222218 0.030982905982905946 0.02393162393162392 0.03354700854700851
0.041459369817578785 0.060862354892205636 0.03897180762852402 0.08888888888888889 0.031674958540630176 0.10729684908789386 0.08540630182421224 0.07495854063018242 0.08606965174129351 0.0497512437810945 0.03814262023217247 0.16932006633499166 0.05174129353233834 0.04610281923714758 0.029353233830845763
0.04660493827160488 0.04259259259259253 0.05246913580246908 0.07746913580246904 0.05462962962962956 0.05771604938271599 0.048765432098765354 0.1246913580246914 0.04660493827160488 0.04629629629629625 0.07561728395061719 0.15432098765432098 0.05061728395061722 0.07253086419753076 0.049074074074074006
0.03981481481481481 0.03537037037037035 0.04092592592592591 0.0496296296296296 0.09574074074074072 0.19740740740740736 0.04814814814814813 0.10018518518518514 0.02462962962962962 0.09851851851851845 0.04999999999999998 0.09277777777777771 0.03981481481481481 0.0446296296296296 0.0424074074074074
0.05015015015015017 0.03333333333333336 0.16246246246246246 0.04444444444444447 0.07687687687687686 0.05105105105105108 0.05495495495495499 0.06276276276276278 0.04564564564564565 0.13783783783783773 0.07387387387387392 0.035735735735735755 0.09969969969969966 0.02942942942942945 0.04174174174174178
0.23142857142857112 0.032698412698412636 0.04571428571428565 0.04158730158730153 0.03746031746031739 0.04952380952380945 0.1355555555555554 0.03428571428571422 0.08126984126984119 0.038730158730158656 0.05111111111111104 0.03809523809523802 0.05111111111111104 0.09174603174603162 0.03968253968253961
0.033551198257080576 0.0736383442265794 0.06710239651416114 0.028976034858387772 0.028540305010893215 0.03790849673202612 0.10718954248366004 0.03159041394335508 0.1941176470588233 0.04204793028322438 0.06862745098039211 0.026797385620915 0.06623093681917207 0.024400871459694967 0.16928104575163377
0.09537037037037027 0.045833333333333295 0.04722222222222217 0.04629629629629626 0.04722222222222218 0.04398148148148144 0.04861111111111107 0.10231481481481482 0.08240740740740742 0.10416666666666667 0.06111111111111112 0.12129629629629629 0.049074074074074076 0.0587962962962963 0.04629629629629626
0.05925925925925923 0.01706349206349204 0.09378306878306876 0.03505291005291003 0.1510582010582011 0.04021164021164017 0.14563492063492064 0.20291005291005276 0.02751322751322749 0.06759259259259252 0.03756613756613752 0.03306878306878303 0.023809523809523805 0.03478835978835974 0.030687830687830667
0.0446666666666667 0.028222222222222242 0.1162222222222222 0.035111111111111135 0.06555555555555553 0.04422222222222225 0.0468888888888889 0.04244444444444447 0.023111111111111127 0.1657777777777777 0.1404444444444444 0.054444444444444455 0.09266666666666659 0.022444444444444458 0.0777777777777777
0.04150943396226422 0.07568134171907757 0.12809224318658285 0.03270440251572331 0.05094339622641516 0.031865828092243226 0.040670859538784125 0.05073375262054513 0.16289308176100634 0.04675052410901474 0.04318658280922437 0.03773584905660383 0.05387840670859545 0.027882599580712823 0.17547169811320762
0.03068783068783065 0.11111111111111095 0.046560846560846525 0.032804232804232766 0.032275132275132234 0.03730158730158726 0.19047619047619027 0.05291005291005287 0.03148148148148144 0.038624338624338575 0.04338624338624335 0.23465608465608467 0.059788359788359745 0.026190476190476153 0.03174603174603171
0.06631944444444444 0.03576388888888889 0.04861111111111111 0.04791666666666667 0.05659722222222222 0.0625 0.06944444444444445 0.10208333333333333 0.071875 0.07534722222222222 0.11493055555555555 0.0763888888888889 0.08090277777777778 0.034722222222222224 0.05659722222222222
0.03398692810457509 0.09215686274509789 0.04248366013071889 0.03790849673202608 0.03202614379084961 0.04313725490196071 0.0428104575163398 0.030392156862745028 0.03137254901960777 0.03758169934640516 0.05228758169934632 0.049673202614379006 0.41274509803921555 0.030392156862745035 0.031045751633986866
0.046594982078853014 0.03906810035842291 0.13620071684587823 0.04014336917562721 0.03870967741935481 0.04982078853046591 0.12078853046594987 0.06917562724014331 0.06523297491039422 0.11182795698924733 0.08243727598566301 0.05949820788530462 0.05985663082437272 0.03369175627240141 0.04695340501792111
0.0615740740740741 0.04212962962962957 0.05601851851851855 0.049537037037037046 0.0685185185185185 0.08564814814814818 0.05185185185185184 0.0458333333333333 0.06666666666666662 0.11481481481481488 0.075 0.07037037037037039 0.11990740740740743 0.04722222222222218 0.04490740740740736
0.06616161616161623 0.04848484848484848 0.06717171717171723 0.047474747474747475 0.04696969696969696 0.048989898989899 0.05050505050505052 0.09090909090909095 0.04646464646464645 0.0843434343434344 0.04848484848484848 0.19242424242424236 0.0641414141414142 0.04646464646464645 0.05101010101010101
0.19737654320987652 0.0631172839506173 0.03209876543209873 0.10138888888888888 0.05771604938271607 0.15231481481481482 0.10570987654320986 0.02067901234567899 0.019598765432098736 0.0896604938271605 0.023456790123456757 0.027777777777777738 0.05972222222222219 0.017592592592592562 0.03179012345679008
0.04355555555555558 0.026666666666666686 0.1362222222222222 0.03311111111111113 0.027777777777777797 0.07711111111111107 0.06711111111111111 0.08888888888888889 0.026666666666666686 0.04555555555555558 0.04400000000000003 0.12177777777777773 0.19155555555555553 0.0377777777777778 0.03222222222222224
0.06964769647696482 0.032791327913279156 0.03631436314363146 0.07886178861788624 0.06883468834688353 0.05582655826558269 0.039566395663956665 0.055284552845528495 0.04823848238482387 0.20867208672086707 0.04281842818428187 0.04065040650406507 0.14688346883468828 0.03143631436314365 0.044173441734417375
0.04055555555555552 0.029444444444444395 0.03916666666666663 0.03361111111111107 0.03666666666666662 0.03305555555555551 0.11194444444444446 0.0663888888888889 0.07333333333333332 0.03833333333333329 0.06222222222222223 0.31750000000000006 0.05222222222222221 0.028888888888888846 0.03666666666666662
0.0664082687338502 0.03772609819121451 0.1170542635658916 0.06563307493540059 0.03669250645994835 0.04987080103359177 0.07260981912144711 0.06795865633074943 0.0726098191214471 0.04366925064599488 0.09354005167958665 0.05968992248062021 0.09121447028423783 0.028940568475452223 0.09638242894056859
0.03916666666666662 0.03249999999999996 0.03611111111111107 0.03555555555555551 0.03083333333333329 0.03749999999999995 0.0625 0.11805555555555551 0.25444444444444436 0.040833333333333284 0.04749999999999997 0.0355555555555555 0.04472222222222217 0.1269444444444444 0.05777777777777777
0.048518518518518516 0.040370370370370355 0.07666666666666665 0.055925925925925914 0.05518518518518518 0.053703703703703684 0.04814814814814813 0.0866666666666666 0.05740740740740737 0.19370370370370354 0.056296296296296275 0.0574074074074074 0.05777777777777776 0.07148148148148144 0.04074074074074074
0.14879227053140104 0.05072463768115951 0.05942028985507254 0.053623188405797204 0.05555555555555564 0.04830917874396145 0.05845410628019332 0.05314009661835758 0.13091787439613534 0.052173913043478355 0.07198067632850251 0.05507246376811601 0.054589371980676406 0.05169082125603873 0.055555555555555636
0.05202020202020201 0.05606060606060612 0.05505050505050509 0.05252525252525254 0.055050505050505086 0.05757575757575762 0.10353535353535359 0.05404040404040408 0.054040404040404076 0.0631313131313132 0.0727272727272728 0.05050505050505051 0.08838383838383843 0.05050505050505051 0.13484848484848488
0.07314814814814817 0.045833333333333275 0.0759259259259259 0.04629629629629624 0.062037037037037064 0.053240740740740755 0.04953703703703701 0.0527777777777778 0.22361111111111123 0.0574074074074074 0.07407407407407408 0.0444444444444444 0.048611111111111084 0.04629629629629625 0.04675925925925924
0.08055555555555556 0.06527777777777778 0.04861111111111111 0.04722222222222219 0.21296296296296294 0.04722222222222217 0.045370370370370325 0.09861111111111107 0.04768518518518516 0.050462962962962925 0.05601851851851853 0.06018518518518524 0.045370370370370325 0.04629629629629625 0.04814814814814813
0.02936507936507933 0.03523809523809519 0.20087301587301576 0.019285714285714264 0.05214285714285711 0.1306349206349206 0.046269841269841225 0.036587301587301536 0.013015873015873 0.0513492063492063 0.14746031746031743 0.13269841269841265 0.028888888888888867 0.017222222222222194 0.058968253968253885
0.03989898989898994 0.06893939393939401 0.1106060606060607 0.040404040404040435 0.03636363636363642 0.047727272727272764 0.03308080808080811 0.0914141414141414 0.03914141414141418 0.05707070707070708 0.08661616161616165 0.11237373737373735 0.07070707070707072 0.13434343434343432 0.03131313131313134
0.05079365079365077 0.046031746031746014 0.07420634920634919 0.0484126984126984 0.04920634920634918 0.04404761904761903 0.056746031746031704 0.14523809523809525 0.10357142857142855 0.07777777777777772 0.0468253968253968 0.09365079365079364 0.04642857142857138 0.041269841269841234 0.07579365079365075
0.04861111111111111 0.03923611111111111 0.08506944444444445 0.07916666666666666 0.040625 0.053125 0.06354166666666666 0.20069444444444445 0.05 0.08125 0.06076388888888889 0.04618055555555556 0.06875 0.03888888888888889 0.044097222222222225
0.05880758807588079 0.03035230352303525 0.1124661246612466 0.037940379403794064 0.0563685636856369 0.04308943089430897 0.12195121951219504 0.03387533875338756 0.0560975609756098 0.14498644986449863 0.041192411924119265 0.08590785907859085 0.048780487804878085 0.06829268292682932 0.059891598915989205
0.047712418300653536 0.03986928104575157 0.07647058823529401 0.037908496732026065 0.039869281045751555 0.04150326797385614 0.17058823529411743 0.0830065359477123 0.1192810457516339 0.04215686274509796 0.06437908496732019 0.07745098039215675 0.05947712418300645 0.04575163398692803 0.054575163398692735
0.04259259259259259 0.03703703703703702 0.04629629629629629 0.04666666666666665 0.04333333333333332 0.05518518518518516 0.04407407407407408 0.10074074074074074 0.057037037037037025 0.11259259259259255 0.18481481481481477 0.07629629629629632 0.04925925925925924 0.03555555555555555 0.06851851851851848
