0.05509259259259258 0.06435185185185184 0.05879629629629627 0.08657407407407407 0.04768518518518516 0.04861111111111109 0.059259259259259275 0.05370370370370376 0.15092592592592596 0.04722222222222218 0.11990740740740746 0.04398148148148143 0.07453703703703708 0.046759259259259216 0.04259259259259254
0.08465608465608451 0.05873015873015867 0.04814814814814808 0.08518518518518507 0.05502645502645495 0.04867724867724859 0.061904761904761824 0.074074074074074 0.05661375661375653 0.05820105820105812 0.07777777777777772 0.048677248677248604 0.14497354497354487 0.04814814814814808 0.04920634920634913
0.053968253968253874 0.057142857142857065 0.03555555555555549 0.037460317460317395 0.06412698412698403 0.03333333333333328 0.0374603174603174 0.3390476190476186 0.050476190476190376 0.046349206349206286 0.04222222222222213 0.07428571428571416 0.05365079365079354 0.032063492063492 0.04285714285714278
0.04158730158730154 0.0252380952380952 0.04015873015873013 0.03460317460317455 0.07761904761904752 0.031904761904761866 0.06730158730158725 0.13746031746031734 0.03777777777777772 0.11761904761904746 0.08301587301587299 0.022539682539682505 0.05857142857142851 0.07873015873015862 0.14587301587301568
0.038297872340425525 0.07281323877068555 0.02931442080378251 0.06406619385342788 0.061938534278959796 0.04326241134751773 0.06501182033096925 0.041371158392434965 0.1555555555555555 0.03286052009456264 0.20212765957446813 0.03451536643026005 0.043735224586288424 0.08699763593380609 0.02813238770685579
0.05144032921810705 0.057201646090535054 0.05102880658436218 0.05226337448559673 0.071604938271605 0.05308641975308645 0.07037037037037042 0.09218106995884773 0.0724279835390947 0.06049382716049387 0.07119341563786011 0.04691358024691363 0.0827160493827161 0.046502057613168786 0.12057613168724274
0.059431524547803684 0.10310077519379855 0.12558139534883736 0.044444444444444474 0.04857881136950907 0.04754521963824294 0.060206718346253275 0.10645994832041354 0.05297157622739024 0.07364341085271327 0.05348837209302331 0.04780361757105948 0.06718346253229981 0.06356589147286829 0.04599483204134372
0.04563492063492061 0.06845238095238092 0.11607142857142859 0.03174603174603174 0.04365079365079362 0.02678571428571427 0.20039682539682543 0.04642857142857141 0.055357142857142855 0.126984126984127 0.0857142857142857 0.047619047619047596 0.03214285714285712 0.027976190476190457 0.04503968253968251
0.03991769547325108 0.0724279835390947 0.046090534979423906 0.06584362139917699 0.12880658436213988 0.042798353909465056 0.18230452674897113 0.04814814814814821 0.046090534979423926 0.06460905349794245 0.04691358024691363 0.039917695473251066 0.06543209876543217 0.06296296296296297 0.04773662551440334
0.029444444444444388 0.0522222222222222 0.11916666666666666 0.1297222222222223 0.08500000000000002 0.04138888888888884 0.0716666666666667 0.04972222222222224 0.03527777777777774 0.06999999999999997 0.050555555555555555 0.07527777777777779 0.0383333333333333 0.10472222222222219 0.04749999999999995
0.05978835978835973 0.14920634920634906 0.026719576719576685 0.041005291005290954 0.0325396825396825 0.02857142857142854 0.05820105820105814 0.11137566137566128 0.1190476190476189 0.03148148148148144 0.041269841269841234 0.028835978835978812 0.19153439153439134 0.04603174603174601 0.03439153439153435
0.08863049095607245 0.03979328165374681 0.03307493540051683 0.05684754521963831 0.0932816537467701 0.04832041343669255 0.06175710594315251 0.036434108527131824 0.039534883720930274 0.039276485788113734 0.109560723514212 0.11472868217054276 0.10335917312661509 0.06020671834625329 0.07519379844961249
0.035925925925925924 0.06962962962962958 0.0411111111111111 0.0866666666666666 0.09259259259259256 0.05740740740740738 0.12407407407407395 0.05740740740740737 0.03888888888888887 0.03666666666666665 0.04444444444444447 0.03777777777777777 0.14925925925925917 0.037407407407407396 0.09074074074074073
0.06969696969696974 0.056565656565656604 0.046464646464646445 0.10252525252525257 0.05909090909090916 0.053535353535353554 0.07979797979797984 0.08333333333333341 0.05353535353535357 0.0873737373737374 0.05808080808080812 0.04797979797979797 0.053030303030303046 0.09444444444444448 0.05454545454545458
0.04814814814814818 0.060905349794238735 0.04855967078189304 0.04567901234567907 0.05637860082304528 0.07613168724279841 0.058024691358024745 0.0452674897119342 0.045267489711934186 0.05432098765432103 0.0814814814814815 0.04609053497942391 0.1 0.18559670781893006 0.048148148148148204
0.06865079365079362 0.05833333333333329 0.051190476190476154 0.05992063492063487 0.061111111111111074 0.05476190476190475 0.0464285714285714 0.048809523809523775 0.04523809523809524 0.0571428571428571 0.04801587301587297 0.0484126984126984 0.06507936507936501 0.09761904761904756 0.18928571428571422
0.03295454545454548 0.044318181818181826 0.14924242424242423 0.025883838383838398 0.08143939393939398 0.03282828282828284 0.1251262626262627 0.05946969696969701 0.09166666666666665 0.03409090909090908 0.03232323232323233 0.06098484848484849 0.030555555555555575 0.13308080808080805 0.06603535353535353
0.03986928104575157 0.04379084967320255 0.12222222222222208 0.07483660130718943 0.05228758169934633 0.03921568627450973 0.06209150326797376 0.03986928104575156 0.05163398692810449 0.0385620915032679 0.058169934640522794 0.10915032679738548 0.08366013071895415 0.03856209150326791 0.1460784313725488
0.04210526315789473 0.11315789473684204 0.04532163742690056 0.04356725146198829 0.06578947368421047 0.040935672514619846 0.1128654970760234 0.09883040935672509 0.03859649122807018 0.05146198830409352 0.06374269005847949 0.03654970760233915 0.05614035087719295 0.038011695906432726 0.15292397660818707
0.03650793650793649 0.052380952380952354 0.03888888888888887 0.03928571428571426 0.07023809523809518 0.04007936507936506 0.10833333333333334 0.05515873015873013 0.08571428571428563 0.051984126984126966 0.04920634920634918 0.049603174603174566 0.04126984126984125 0.24246031746031743 0.03888888888888886
0.03819444444444445 0.05486111111111111 0.03767361111111111 0.0685763888888889 0.21215277777777777 0.023958333333333335 0.03420138888888889 0.1717013888888889 0.06493055555555556 0.04201388888888889 0.03576388888888889 0.07413194444444444 0.06527777777777778 0.03611111111111111 0.04045138888888889
0.039629629629629605 0.038888888888888876 0.10999999999999986 0.06592592592592587 0.05 0.04666666666666667 0.08259259259259258 0.10777777777777771 0.09222222222222219 0.038888888888888876 0.10666666666666666 0.03629629629629629 0.06962962962962961 0.07481481481481478 0.04
0.05151515151515152 0.05151515151515155 0.05151515151515155 0.0792929292929294 0.09292929292929293 0.0636363636363637 0.05151515151515155 0.055555555555555594 0.05303030303030306 0.05303030303030306 0.05404040404040405 0.04898989898989899 0.17979797979797982 0.05303030303030304 0.06060606060606067
0.017901234567901204 0.04598765432098762 0.02546296296296293 0.040123456790123406 0.3265432098765433 0.05015432098765427 0.22006172839506177 0.022839506172839474 0.02993827160493824 0.03009259259259256 0.027160493827160466 0.018364197530864164 0.04907407407407407 0.02191358024691355 0.07438271604938272
0.046666666666666676 0.11629629629629622 0.03629629629629628 0.07777777777777778 0.048148148148148134 0.05740740740740738 0.05999999999999996 0.0992592592592592 0.05 0.059259259259259255 0.0985185185185185 0.043703703703703696 0.09740740740740741 0.06555555555555552 0.04370370370370371
0.12566137566137556 0.04603174603174599 0.0835978835978835 0.043915343915343866 0.07962962962962954 0.03386243386243382 0.04417989417989413 0.09761904761904756 0.04656084656084653 0.052645502645502606 0.048148148148148114 0.0296296296296296 0.19708994708994687 0.03280423280423276 0.03862433862433859
0.14682539682539683 0.061904761904761865 0.03769841269841268 0.08373015873015863 0.04484126984126983 0.038095238095238085 0.06587301587301582 0.06031746031746032 0.08134920634920631 0.05357142857142854 0.09682539682539676 0.05674603174603173 0.039682539682539666 0.07222222222222215 0.060317460317460284
0.052173913043478355 0.06956521739130445 0.06183574879227062 0.14396135265700483 0.06859903381642521 0.049758454106280256 0.06811594202898559 0.07101449275362327 0.05120772946859909 0.05893719806763295 0.0729468599033817 0.0507246376811595 0.06908212560386483 0.04927536231884067 0.06280193236714984
0.04102564102564098 0.09658119658119649 0.12649572649572635 0.0871794871794871 0.08076923076923069 0.04658119658119654 0.06709401709401701 0.04358974358974354 0.051282051282051246 0.054700854700854666 0.08418803418803408 0.04786324786324784 0.06880341880341875 0.04529914529914526 0.0585470085470085
0.043253968253968225 0.06587301587301583 0.057539682539682495 0.20476190476190467 0.04960317460317455 0.04126984126984125 0.05515873015873011 0.049603174603174593 0.041269841269841255 0.04563492063492062 0.04047619047619044 0.07658730158730151 0.0464285714285714 0.09325396825396823 0.08928571428571423
0.06124661246612469 0.04065040650406507 0.09132791327913284 0.07100271002710032 0.06856368563685641 0.04525745257452578 0.036314363143631456 0.13008130081300814 0.0991869918699187 0.033062330623306255 0.14715447154471534 0.03197831978319785 0.03902439024390247 0.057181571815718195 0.04796747967479678
0.028431372549019576 0.02222222222222219 0.018790849673202575 0.1310457516339869 0.021241830065359443 0.0202614379084967 0.018790849673202575 0.0202614379084967 0.4965686274509803 0.02450980392156859 0.021405228758169897 0.10179738562091496 0.022222222222222185 0.027124183006535907 0.025326797385620874
0.04315245478036179 0.2974160206718347 0.03100775193798453 0.05865633074935405 0.06201550387596906 0.05064599483204139 0.04418604651162796 0.0684754521963825 0.039534883720930274 0.03591731266149874 0.03746770025839796 0.028423772609819153 0.05193798449612407 0.0746770025839794 0.07648578811369516
0.037407407407407396 0.06777777777777773 0.06111111111111106 0.1066666666666666 0.0437037037037037 0.0437037037037037 0.0562962962962963 0.048518518518518516 0.10148148148148144 0.0462962962962963 0.07777777777777774 0.04370370370370373 0.06370370370370369 0.16444444444444423 0.037407407407407396
0.0359259259259259 0.05518518518518516 0.04000000000000001 0.052222222222222225 0.155185185185185 0.03814814814814812 0.11999999999999993 0.05037037037037037 0.04777777777777779 0.08703703703703697 0.09999999999999996 0.03703703703703702 0.09518518518518512 0.04222222222222221 0.043703703703703696
0.039832285115304025 0.18595387840670866 0.0658280922431866 0.02725366876310276 0.03731656184486378 0.0276729559748428 0.059958071278826054 0.05555555555555564 0.05723270440251578 0.10985324947589105 0.1528301886792454 0.02955974842767299 0.030607966457023097 0.08637316561844866 0.03417190775681348
0.11316872427983539 0.04609053497942391 0.0452674897119342 0.05884773662551445 0.05432098765432104 0.06831275720164613 0.0526748971193416 0.06954732510288068 0.07942386831275722 0.041975308641975344 0.05637860082304532 0.044444444444444495 0.1592592592592593 0.044444444444444474 0.065843621399177
0.05789473684210524 0.08304093567251464 0.06140350877192979 0.09532163742690061 0.06432748538011696 0.0637426900584795 0.06842105263157891 0.05847953216374267 0.05847953216374265 0.0614035087719298 0.06783625730994153 0.06900584795321632 0.06140350877192979 0.06491228070175435 0.06432748538011693
0.04844444444444448 0.061333333333333365 0.04755555555555559 0.06800000000000005 0.12088888888888878 0.04933333333333337 0.06666666666666672 0.07422222222222227 0.05511111111111115 0.06266666666666672 0.07111111111111115 0.04888888888888892 0.056444444444444485 0.07733333333333338 0.09200000000000003
0.06126984126984117 0.34730158730158683 0.0933333333333332 0.035555555555555486 0.0482539682539682 0.03333333333333327 0.0501587301587301 0.06476190476190467 0.03587301587301581 0.03333333333333328 0.04349206349206343 0.03174603174603169 0.040634920634920565 0.04222222222222216 0.03873015873015866
0.03666666666666665 0.0629629629629629 0.0474074074074074 0.053333333333333295 0.0462962962962963 0.12296296296296286 0.10925925925925921 0.04407407407407407 0.14074074074074058 0.04370370370370371 0.08592592592592586 0.07888888888888884 0.04444444444444443 0.04259259259259258 0.040740740740740716
0.11244444444444443 0.04933333333333337 0.0417777777777778 0.04888888888888892 0.05244444444444448 0.04266666666666669 0.10444444444444446 0.0586666666666667 0.04844444444444448 0.047111111111111145 0.12888888888888883 0.04088888888888891 0.045777777777777806 0.1306666666666666 0.04755555555555559
0.05134680134680135 0.06632996632996638 0.027441077441077426 0.03282828282828281 0.20353535353535349 0.05033670033670034 0.07205387205387209 0.08181818181818187 0.04393939393939391 0.11599326599326608 0.048316498316498306 0.04595959595959594 0.08367003367003373 0.028956228956228937 0.047474747474747475
0.07079365079365069 0.03841269841269834 0.09523809523809508 0.03809523809523802 0.06095238095238086 0.04158730158730154 0.05428571428571422 0.0688888888888888 0.12380952380952374 0.04698412698412691 0.13904761904761892 0.030158730158730097 0.046031746031745965 0.09555555555555545 0.05015873015873009
0.045333333333333364 0.04400000000000003 0.05422222222222226 0.15155555555555553 0.04400000000000003 0.05111111111111115 0.04355555555555558 0.04400000000000003 0.04133333333333336 0.05111111111111115 0.045333333333333364 0.14533333333333326 0.06977777777777781 0.12088888888888878 0.04844444444444448
0.03529411764705876 0.04444444444444436 0.04117647058823521 0.1908496732026142 0.04477124183006529 0.03529411764705876 0.05163398692810448 0.053594771241829986 0.039215686274509734 0.044117647058823456 0.039869281045751555 0.06274509803921559 0.20522875816993447 0.07549019607843126 0.0362745098039215
0.046560846560846525 0.04047619047619044 0.07380952380952371 0.08915343915343905 0.0955026455026454 0.050264550264550206 0.09761904761904752 0.09576719576719571 0.10925925925925917 0.02989417989417985 0.0534391534391534 0.07619047619047609 0.07380952380952374 0.038095238095238064 0.030158730158730124
0.019534050179211455 0.024014336917562707 0.15824372759856636 0.02706093189964156 0.05824372759856631 0.02240143369175626 0.05089605734767026 0.02562724014336916 0.024193548387096756 0.05161290322580644 0.056093189964157714 0.019175627240143354 0.1734767025089606 0.040860215053763416 0.24856630824372752
0.09484126984126977 0.05277777777777775 0.03611111111111108 0.03888888888888886 0.0484126984126984 0.04047619047619044 0.18888888888888888 0.09761904761904756 0.07976190476190473 0.047619047619047575 0.1 0.03888888888888887 0.0575396825396825 0.040873015873015846 0.03730158730158728
0.13577235772357715 0.047425474254742576 0.027100271002710046 0.05230352303523038 0.07913279132791333 0.04525745257452578 0.030623306233062354 0.1585365853658536 0.03360433604336045 0.07208672086720873 0.05149051490514909 0.05338753387533879 0.049593495934959375 0.1105691056910569 0.05311653116531169
0.03793103448275858 0.05785440613026817 0.050191570881225986 0.09310344827586207 0.10613026819923378 0.0390804597701149 0.12835249042145605 0.0689655172413793 0.0931034482758621 0.0490421455938697 0.1038314176245211 0.03984674329501911 0.04367816091954018 0.04099616858237544 0.047892720306513384
0.04285714285714282 0.0698412698412698 0.06269841269841267 0.07142857142857137 0.0575396825396825 0.04325396825396824 0.10873015873015873 0.05873015873015869 0.053968253968253936 0.07817460317460313 0.08373015873015865 0.1234126984126984 0.048412698412698386 0.041666666666666644 0.05555555555555552
0.06367521367521357 0.04786324786324783 0.0397435897435897 0.1294871794871793 0.04273504273504269 0.06025641025641021 0.039316239316239274 0.054700854700854666 0.05427350427350424 0.04487179487179485 0.15170940170940153 0.11282051282051271 0.044017094017093986 0.07222222222222213 0.042307692307692275
0.0468599033816426 0.05603864734299526 0.046859903381642594 0.08067632850241553 0.0502415458937199 0.051690821256038716 0.05362318840579719 0.07004830917874404 0.049758454106280284 0.058454106280193326 0.1309178743961352 0.04492753623188414 0.08502415458937207 0.08405797101449285 0.09082125603864746
0.04999999999999999 0.06712962962962965 0.055555555555555566 0.10416666666666669 0.06388888888888888 0.05509259259259259 0.06388888888888887 0.10416666666666669 0.0537037037037037 0.06203703703703702 0.06666666666666668 0.0509259259259259 0.10370370370370373 0.05277777777777776 0.04629629629629625
0.12480620155038774 0.05994832041343674 0.028423772609819157 0.1366925064599485 0.039276485788113734 0.08372093023255824 0.03850129198966413 0.16485788113695107 0.035658914728682205 0.03979328165374681 0.032816537467700295 0.05839793281653753 0.07080103359173133 0.04211886304909565 0.04418604651162795
0.049145299145299096 0.047435897435897406 0.044444444444444405 0.07350427350427344 0.08076923076923068 0.061111111111111054 0.06794871794871787 0.0649572649572649 0.06282051282051279 0.04615384615384611 0.05769230769230763 0.04444444444444441 0.09444444444444436 0.15598290598290573 0.049145299145299096
0.026984126984126968 0.13968253968253966 0.05895691609977323 0.08344671201814055 0.051020408163265245 0.046258503401360514 0.04421768707482989 0.03492063492063488 0.029705215419501114 0.16916099773242638 0.045351473922902466 0.023356009070294788 0.11473922902494338 0.027664399092970512 0.1045351473922903
0.11189358372456966 0.03646322378716742 0.024882629107981204 0.03255086071987478 0.12707355242566515 0.03317683881064161 0.11095461658841936 0.11987480438184672 0.05148669796557118 0.121283255086072 0.10015649452269176 0.02128325508607197 0.026447574334898253 0.029264475743348953 0.05320813771517997
0.043295019157088076 0.06666666666666665 0.039463601532567005 0.04214559386973176 0.0942528735632184 0.03946360153256701 0.07241379310344823 0.07701149425287358 0.047892720306513356 0.04636015325670495 0.07279693486590035 0.03524904214559383 0.2053639846743297 0.07777777777777775 0.03984674329501913
0.024338624338624316 0.29563492063492064 0.065079365079365 0.03108465608465605 0.08478835978835976 0.035978835978835944 0.04682539682539678 0.02791005291005288 0.03029100529100526 0.033333333333333305 0.033201058201058176 0.033201058201058176 0.02367724867724867 0.051190476190476154 0.18346560846560844
0.013351254480286729 0.16899641577060928 0.011559139784946229 0.02786738351254481 0.0709677419354839 0.03019713261648745 0.1676523297491039 0.0363799283154122 0.016308243727598554 0.014695340501792104 0.01756272401433691 0.039247311827957015 0.34130824372759855 0.014516129032258055 0.02939068100358424
0.03682539682539677 0.05396825396825389 0.04571428571428565 0.08825396825396818 0.056825396825396744 0.07936507936507926 0.0596825396825396 0.05523809523809518 0.22857142857142834 0.06952380952380945 0.05619047619047612 0.03333333333333328 0.04380952380952375 0.03873015873015866 0.0539682539682539
0.03450292397660823 0.11481481481481483 0.021637426900584834 0.05438596491228071 0.047953216374269005 0.028654970760233957 0.06920077972709551 0.03469785575048738 0.030994152046783657 0.060038986354775795 0.041130604288499066 0.02261208576998054 0.03508771929824565 0.052631578947368446 0.3516569200779725
0.08251028806584357 0.11049382716049384 0.03456790123456792 0.038271604938271614 0.20329218106995894 0.03786008230452677 0.08415637860082303 0.06563786008230443 0.07736625514403292 0.08497942386831274 0.045473251028806595 0.024074074074074102 0.03559670781893007 0.027366255144032958 0.04835390946502059
0.08019323671497582 0.2357487922705314 0.017294685990338142 0.05391304347826086 0.18396135265700486 0.05700483091787442 0.0851207729468599 0.07381642512077294 0.020193236714975825 0.02463768115942026 0.02792270531400964 0.02106280193236713 0.04289855072463766 0.01623188405797099 0.05999999999999999
0.08136200716845872 0.08028673835125442 0.03763440860215051 0.056272401433691714 0.07670250896057343 0.03906810035842291 0.11935483870967746 0.07383512544802863 0.09999999999999996 0.06917562724014331 0.046236559139784916 0.03978494623655911 0.06810035842293902 0.06630824372759851 0.04587813620071682
0.16481481481481478 0.05444444444444442 0.05351851851851848 0.08574074074074065 0.03611111111111111 0.028518518518518495 0.03481481481481481 0.17962962962962964 0.03907407407407405 0.036666666666666646 0.07648148148148141 0.03092592592592593 0.05925925925925922 0.060370370370370324 0.059629629629629595
0.10134680134680135 0.15757575757575765 0.03569023569023566 0.04478114478114475 0.09966329966329963 0.037373737373737344 0.05151515151515148 0.09259259259259256 0.052861952861952825 0.04107744107744105 0.046127946127946094 0.03838383838383835 0.04747474747474744 0.052861952861952825 0.10067340067340064
0.037860082304526796 0.038683127572016515 0.03991769547325108 0.040740740740740786 0.18847736625514394 0.0473251028806585 0.041563786008230484 0.0444444444444445 0.04197530864197536 0.12098765432098758 0.049794238683127615 0.057201646090535026 0.03827160493827165 0.16872427983539084 0.04403292181069965
0.04237726098191219 0.08346253229974167 0.03436692506459952 0.1498708010335919 0.032299741602067215 0.02894056847545223 0.04625322997416026 0.07571059431524556 0.0589147286821706 0.03410852713178298 0.04987080103359178 0.15116279069767458 0.07726098191214478 0.05012919896640832 0.08527131782945746
0.052222222222222135 0.05722222222222215 0.05055555555555547 0.1488888888888889 0.050555555555555465 0.05166666666666658 0.050555555555555465 0.09222222222222219 0.05888888888888879 0.053333333333333253 0.071111111111111 0.04999999999999991 0.09444444444444443 0.05111111111111102 0.06722222222222213
0.1172839506172838 0.03851851851851847 0.057530864197530826 0.08419753086419748 0.05012345679012343 0.034074074074074034 0.041234567901234545 0.08395061728395056 0.03876543209876541 0.03901234567901231 0.09950617283950612 0.16469135802469118 0.09481481481481477 0.02666666666666663 0.02962962962962959
0.047447447447447465 0.07237237237237239 0.03243243243243245 0.08048048048048051 0.04804804804804808 0.051951951951952 0.0444444444444445 0.09189189189189187 0.04114114114114116 0.14414414414414414 0.04684684684684688 0.030330330330330352 0.041441441441441455 0.04684684684684688 0.18018018018018014
0.04844444444444448 0.0755555555555556 0.044888888888888916 0.07733333333333339 0.06888888888888893 0.05377777777777781 0.055555555555555594 0.09911111111111114 0.06800000000000005 0.05111111111111115 0.05600000000000004 0.045333333333333364 0.06711111111111115 0.08000000000000006 0.10888888888888885
0.04461279461279459 0.04309764309764307 0.02020202020202019 0.03030303030303028 0.043771043771043745 0.02373737373737372 0.09040404040404043 0.06851851851851855 0.04612794612794611 0.11700336700336701 0.29292929292929293 0.05976430976430978 0.02962962962962961 0.03872053872053869 0.051178451178451184
0.025387596899224832 0.02390180878552974 0.18081395348837215 0.05355297157622739 0.02745478036175713 0.03352713178294576 0.029392764857881164 0.1344315245478036 0.02093023255813956 0.22525839793281652 0.022028423772609843 0.041860465116279125 0.015374677002583992 0.02868217054263569 0.1374031007751938
0.03601532567049806 0.07375478927203065 0.1239463601532568 0.027394636015325637 0.08984674329501918 0.04137931034482757 0.03352490421455936 0.03237547892720304 0.03026819923371646 0.09980842911877393 0.05114942528735632 0.023754789272030626 0.04521072796934865 0.03850574712643675 0.2530651340996169
0.054970760233918115 0.08011695906432749 0.05730994152046784 0.07426900584795319 0.11403508771929816 0.054970760233918115 0.08187134502923975 0.06608187134502921 0.0637426900584795 0.06315789473684212 0.06491228070175437 0.052631578947368425 0.0654970760233918 0.052631578947368425 0.053801169590643294
0.051416122004357245 0.03224400871459692 0.0849673202614378 0.1533769063180826 0.08562091503267966 0.02766884531590412 0.052505446623093636 0.08039215686274509 0.03899782135076249 0.02723311546840956 0.11808278867102383 0.0836601307189541 0.08453159041394329 0.02527233115468408 0.054030501089324556
0.083050847457627 0.03935969868173254 0.022975517890772096 0.029378531073446297 0.08474576271186432 0.028248587570621438 0.10470809792843687 0.04030131826741992 0.07796610169491515 0.08022598870056485 0.05423728813559316 0.025423728813559292 0.02919020715630882 0.04387947269303197 0.2563088512241053
0.08246913580246908 0.06370370370370365 0.08864197530864187 0.07753086419753077 0.07950617283950613 0.0353086419753086 0.0760493827160493 0.11679012345679006 0.043456790123456775 0.0661728395061728 0.0553086419753086 0.02765432098765428 0.048395061728395035 0.02938271604938268 0.10962962962962954
0.05258467023172905 0.05412953060011883 0.055674390968508604 0.012834224598930494 0.07528223410576354 0.013784907902554978 0.1460487225193107 0.03576945929887109 0.32448009506833053 0.027510398098633423 0.09898989898989892 0.011645870469399886 0.014557338086749862 0.0560903149138443 0.020617944147355922
0.022098765432098762 0.15567901234567882 0.07432098765432094 0.03901234567901232 0.03382716049382714 0.02111111111111109 0.28333333333333327 0.053209876543209814 0.034938271604938245 0.07999999999999993 0.06209876543209871 0.02592592592592591 0.056049382716049354 0.033456790123456766 0.024938271604938254
0.04537037037037032 0.04583333333333328 0.05416666666666669 0.05092592592592593 0.05462962962962966 0.048148148148148114 0.05138888888888889 0.05601851851851855 0.15509259259259253 0.048148148148148114 0.16296296296296295 0.0458333333333333 0.08240740740740746 0.05138888888888888 0.04768518518518517
0.04166666666666663 0.04722222222222219 0.04087301587301586 0.11984126984126983 0.05595238095238092 0.04761904761904759 0.038888888888888855 0.03928571428571427 0.04126984126984125 0.04206349206349204 0.04087301587301585 0.07103174603174596 0.059126984126984077 0.2654761904761906 0.04880952380952378
0.06328502415458946 0.05410628019323681 0.05942028985507256 0.06618357487922714 0.08164251207729478 0.07439613526570056 0.057487922705314116 0.061835748792270655 0.06183574879227062 0.05893719806763295 0.0647342995169083 0.06183574879227063 0.06425120772946867 0.11497584541062798 0.05507246376811602
0.05632183908045975 0.055938697318007644 0.05747126436781604 0.06858237547892715 0.04214559386973175 0.06321839080459765 0.08620689655172409 0.047892720306513384 0.1252873563218392 0.05172413793103442 0.1134099616858238 0.07164750957854402 0.06934865900383137 0.046360153256704964 0.044444444444444405
0.0444444444444445 0.05473251028806589 0.052263374485596745 0.07736625514403296 0.06008230452674902 0.046090534979423906 0.07530864197530869 0.09176954732510283 0.04855967078189306 0.05061728395061734 0.10082304526748971 0.04115226337448564 0.0880658436213992 0.04279835390946506 0.12592592592592583
0.04844444444444448 0.05333333333333337 0.08888888888888895 0.05422222222222225 0.09511111111111116 0.055555555555555594 0.0804444444444445 0.05866666666666671 0.045333333333333364 0.09688888888888895 0.06266666666666672 0.044888888888888916 0.08133333333333338 0.07866666666666672 0.055555555555555594
0.07377777777777782 0.04355555555555558 0.04888888888888892 0.10577777777777779 0.0417777777777778 0.04355555555555558 0.05244444444444448 0.05511111111111114 0.05777777777777782 0.04311111111111114 0.04755555555555559 0.04222222222222225 0.21599999999999994 0.08622222222222228 0.04222222222222225
0.058222222222222265 0.04888888888888892 0.05511111111111115 0.13066666666666665 0.07022222222222227 0.0466666666666667 0.06177777777777781 0.10000000000000006 0.05200000000000004 0.04755555555555559 0.055555555555555594 0.060000000000000046 0.05022222222222226 0.11377777777777773 0.04933333333333337
0.027463312368972776 0.041719077568134234 0.026834381551362717 0.029559748427672998 0.045702306079664634 0.03480083857442353 0.042557651991614306 0.045492662473794604 0.03438155136268348 0.20524109014675063 0.13815513626834391 0.024947589098532515 0.05366876310272546 0.03123689727463316 0.2182389937106918
0.054166666666666655 0.12341269841269838 0.04285714285714282 0.051190476190476175 0.05674603174603176 0.04166666666666662 0.07519841269841268 0.07023809523809527 0.02678571428571427 0.03789682539682538 0.1087301587301587 0.05674603174603173 0.12003968253968256 0.08253968253968254 0.05178571428571428
0.02389649923896502 0.056316590563165896 0.02070015220700154 0.037595129375951324 0.06149162861491628 0.04337899543378997 0.06560121765601211 0.10502283105022836 0.03226788432267888 0.054490106544901024 0.10060882800608831 0.029071537290715394 0.050380517503805164 0.02602739726027401 0.29315068493150687
0.04629629629629625 0.0509259259259259 0.04907407407407405 0.1444444444444444 0.04675925925925923 0.08148148148148147 0.04444444444444438 0.054166666666666675 0.1527777777777778 0.048148148148148114 0.08379629629629634 0.05555555555555554 0.04768518518518515 0.04907407407407405 0.04537037037037031
0.02547008547008545 0.0753846153846153 0.07863247863247856 0.04222222222222219 0.03384615384615382 0.10051282051282047 0.15589743589743577 0.06119658119658115 0.06991452991452984 0.04888888888888884 0.055384615384615345 0.025982905982905948 0.13965811965811953 0.04666666666666662 0.04034188034188031
0.061111111111111144 0.04768518518518515 0.0444444444444444 0.05370370370370369 0.07222222222222223 0.050925925925925916 0.0509259259259259 0.14814814814814817 0.15972222222222218 0.04814814814814811 0.07129629629629629 0.04351851851851846 0.049537037037037004 0.05092592592592588 0.04768518518518515
0.04415204678362572 0.053801169590643245 0.03040935672514617 0.03187134502923975 0.04473684210526314 0.0327485380116959 0.1461988304093567 0.15760233918128644 0.14064327485380113 0.04035087719298242 0.08947368421052629 0.03421052631578946 0.08947368421052625 0.031578947368421026 0.03274853801169588
0.034325396825396794 0.053373015873015864 0.13988095238095238 0.0636904761904762 0.03154761904761904 0.03591269841269838 0.11150793650793651 0.06428571428571428 0.1666666666666667 0.03452380952380948 0.05535714285714284 0.08948412698412693 0.035515873015873 0.05853174603174604 0.02539682539682538
0.05037037037037035 0.06407407407407405 0.03999999999999997 0.10740740740740728 0.04444444444444445 0.04444444444444445 0.05481481481481481 0.04999999999999999 0.05777777777777774 0.06444444444444443 0.22111111111111106 0.04037037037037036 0.07814814814814808 0.04518518518518519 0.037407407407407396
0.04400000000000003 0.04311111111111114 0.04266666666666669 0.14488888888888882 0.10755555555555557 0.045333333333333364 0.04844444444444448 0.11066666666666668 0.07422222222222227 0.05200000000000004 0.08711111111111117 0.044444444444444474 0.06755555555555559 0.04400000000000003 0.04400000000000003
0.04797979797979796 0.09242424242424252 0.04949494949494951 0.05404040404040407 0.11010101010101019 0.047474747474747475 0.06919191919191924 0.0494949494949495 0.054545454545454584 0.06111111111111117 0.10505050505050513 0.047474747474747475 0.04747474747474746 0.08131313131313135 0.08282828282828288
0.05888888888888879 0.0677777777777777 0.0527777777777777 0.052222222222222135 0.076111111111111 0.050555555555555465 0.05444444444444435 0.15055555555555558 0.08944444444444435 0.06166666666666658 0.058333333333333244 0.05166666666666658 0.06555555555555546 0.05222222222222213 0.0577777777777777
0.08378378378378372 0.04654654654654658 0.17927927927927922 0.04084084084084087 0.03873873873873877 0.037237237237237264 0.08018018018018021 0.039039039039039075 0.20630630630630628 0.03573573573573577 0.057057057057057076 0.03243243243243245 0.03573573573573575 0.05525525525525527 0.03183183183183185
0.0492753623188406 0.06835748792270534 0.02898550724637686 0.03864734299516913 0.05676328502415459 0.04420289855072468 0.052657004830917904 0.08164251207729466 0.04589371980676331 0.10000000000000002 0.1922705314009662 0.027053140096618404 0.03985507246376817 0.08357487922705317 0.0908212560386474
0.041975308641975365 0.049794238683127594 0.05020576131687248 0.14732510288065845 0.05514403292181075 0.044855967078189354 0.046090534979423926 0.06666666666666674 0.047736625514403344 0.08477366255144032 0.05185185185185189 0.08024691358024695 0.05432098765432105 0.046913580246913604 0.13209876543209872
0.05761316872427989 0.051440329218107046 0.04032921810699593 0.050205761316872495 0.08847736625514405 0.0444444444444445 0.043621399176954775 0.21851851851851853 0.06255144032921818 0.04403292181069966 0.05720164609053505 0.05473251028806589 0.06255144032921821 0.06913580246913589 0.055144032921810734
0.08458781362007162 0.053405017921146915 0.037275985663082406 0.08172043010752683 0.04982078853046591 0.03799283154121861 0.051971326164874515 0.15985663082437285 0.06702508960573472 0.06093189964157702 0.09283154121863796 0.04014336917562721 0.06559139784946233 0.06487455197132612 0.051971326164874515
0.044444444444444474 0.062222222222222255 0.045333333333333364 0.04888888888888892 0.0466666666666667 0.0417777777777778 0.14933333333333326 0.06088888888888892 0.159111111111111 0.06088888888888893 0.04844444444444448 0.05022222222222226 0.04311111111111114 0.0724444444444445 0.06622222222222227
0.05363984674329505 0.03199233716475093 0.025287356321839063 0.11666666666666667 0.06800766283524906 0.0417624521072797 0.0885057471264368 0.23141762452107287 0.03659003831417622 0.07490421455938702 0.05651340996168584 0.06436781609195405 0.030651340996168557 0.04770114942528734 0.03199233716475094
0.038888888888888834 0.05246913580246908 0.03703703703703697 0.03395061728395055 0.047222222222222165 0.032716049382716 0.06790123456790115 0.19475308641975297 0.03703703703703697 0.15277777777777773 0.06728395061728389 0.031172839506172778 0.06111111111111103 0.0342592592592592 0.1114197530864197
0.03131313131313134 0.19116161616161612 0.12601010101010102 0.03863636363636367 0.07095959595959597 0.0282828282828283 0.07095959595959597 0.043434343434343464 0.10757575757575762 0.04217171717171721 0.05858585858585863 0.04671717171717174 0.07095959595959604 0.04419191919191923 0.029040404040404068
0.060069444444444446 0.08125 0.04791666666666667 0.05659722222222222 0.12743055555555555 0.03819444444444445 0.065625 0.10277777777777777 0.07256944444444445 0.08090277777777778 0.05416666666666667 0.04131944444444444 0.04826388888888889 0.04652777777777778 0.0763888888888889
0.04869281045751626 0.047058823529411674 0.03790849673202607 0.08071895424836592 0.08202614379084958 0.049673202614379006 0.14281045751633967 0.047712418300653515 0.111111111111111 0.05359477124182999 0.06176470588235287 0.04901960784313718 0.060784313725490126 0.08954248366013058 0.03758169934640516
0.04920634920634913 0.06825396825396815 0.04920634920634913 0.0656084656084655 0.056084656084656 0.05291005291005284 0.05291005291005284 0.09100529100529096 0.05132275132275125 0.061375661375661264 0.08677248677248674 0.04761904761904755 0.12698412698412684 0.08941798941798927 0.05132275132275124
0.020253164556962033 0.0607594936708861 0.026441631504922642 0.034458509142053464 0.033473980309423376 0.02348804500703235 0.12461322081575256 0.034880450070323504 0.021659634317862178 0.21715893108298168 0.03909985935302392 0.024894514767932488 0.1026722925457103 0.04838255977496489 0.18776371308016873
0.05458937198067639 0.05507246376811603 0.053140096618357585 0.08550724637681167 0.07487922705314022 0.058937198067632944 0.0792270531400967 0.06714975845410634 0.051690821256038716 0.05845410628019334 0.08647342995169091 0.05120772946859913 0.06859903381642521 0.058937198067632965 0.09613526570048313
0.05324074074074073 0.0486111111111111 0.04999999999999997 0.07407407407407408 0.060185185185185196 0.05601851851851852 0.048148148148148114 0.05138888888888885 0.20972222222222223 0.05462962962962963 0.05370370370370371 0.06990740740740742 0.05925925925925928 0.06111111111111111 0.04999999999999997
0.040740740740740744 0.037037037037037035 0.07843621399176956 0.2525925925925926 0.13094650205761318 0.015473251028806579 0.04831275720164608 0.06222222222222224 0.03794238683127573 0.03185185185185184 0.07506172839506171 0.08823045267489713 0.030617283950617264 0.04979423868312757 0.020740740740740733
0.06805555555555554 0.04629629629629627 0.045370370370370325 0.1194444444444445 0.0444444444444444 0.04907407407407404 0.049537037037037025 0.12083333333333335 0.13287037037037042 0.06620370370370374 0.05462962962962963 0.045833333333333275 0.06111111111111113 0.04999999999999999 0.04629629629629625
0.06378600823045272 0.04650205761316875 0.05061728395061732 0.13827160493827156 0.05967078189300417 0.07613168724279838 0.09794238683127576 0.04567901234567907 0.09300411522633743 0.04732510288065849 0.06213991769547333 0.04197530864197534 0.06460905349794242 0.07078189300411529 0.04156378600823051
0.054938271604938305 0.04660493827160491 0.013374485596707831 0.016460905349794254 0.13909465020576126 0.01656378600823045 0.026954732510288064 0.04578189300411521 0.018827160493827173 0.25051440329218094 0.04022633744855966 0.02366255144032921 0.030452674897119322 0.03137860082304525 0.24516460905349796
0.056765676567656805 0.048954895489548976 0.09031903190319039 0.02376237623762378 0.04345434543454348 0.030913091309130936 0.3053905390539053 0.0753575357535754 0.04125412541254128 0.03344334433443347 0.06776677667766781 0.03476347634763479 0.05401540154015405 0.06798679867986804 0.025852585258525865
0.06239316239316235 0.11752136752136738 0.04059829059829056 0.13076923076923058 0.08205128205128198 0.04358974358974356 0.056410256410256335 0.07094017094017085 0.04786324786324781 0.04401709401709397 0.053418803418803354 0.04145299145299142 0.06111111111111106 0.08846153846153834 0.059401709401709336
0.05030864197530859 0.12006172839506171 0.03148148148148143 0.03117283950617278 0.04938271604938265 0.03487654320987648 0.1419753086419753 0.07623456790123445 0.20308641975308642 0.0401234567901234 0.08549382716049375 0.030864197530864137 0.03672839506172834 0.030555555555555503 0.03765432098765427
0.03703703703703701 0.04410774410774408 0.04444444444444441 0.09090909090909084 0.1222222222222223 0.0424242424242424 0.051515151515151486 0.07609427609427605 0.05959595959595955 0.08350168350168344 0.05925925925925922 0.03501683501683499 0.038047138047138024 0.09696969696969694 0.11885521885521885
0.03769841269841269 0.05833333333333329 0.039682539682539666 0.07261904761904758 0.047619047619047596 0.04206349206349204 0.054761904761904706 0.0472222222222222 0.065079365079365 0.0464285714285714 0.1527777777777778 0.12499999999999994 0.037698412698412676 0.13293650793650794 0.04007936507936505
0.05231481481481479 0.05046296296296294 0.061111111111111144 0.04953703703703701 0.05277777777777778 0.0564814814814815 0.04768518518518516 0.049537037037037025 0.2657407407407408 0.04907407407407405 0.054166666666666655 0.05138888888888888 0.052777777777777785 0.051388888888888866 0.05555555555555555
0.06277777777777774 0.05925925925925923 0.02481481481481481 0.03999999999999999 0.1446296296296296 0.040185185185185164 0.06407407407407402 0.08666666666666654 0.14037037037037037 0.023888888888888883 0.1262962962962963 0.04240740740740739 0.027777777777777773 0.08462962962962954 0.032222222222222215
0.03369175627240141 0.029569892473118257 0.22401433691756276 0.03225806451612901 0.13476702508960578 0.02921146953405016 0.08440860215053768 0.036738351254480266 0.03781362007168457 0.03745519713261646 0.033154121863799256 0.07903225806451619 0.04605734767025088 0.023118279569892458 0.1387096774193549
0.009766454352441613 0.006510969568294409 0.043382873319179095 0.006652512384996461 0.007077140835102618 0.8621372965322007 0.007147912243453645 0.007714083510261854 0.006794055201698513 0.007077140835102618 0.00686482661004954 0.00721868365180467 0.006794055201698513 0.00835102618542109 0.006510969568294409
0.051388888888888866 0.05740740740740742 0.04768518518518517 0.0893518518518519 0.05925925925925927 0.05231481481481483 0.06620370370370367 0.06666666666666668 0.055555555555555566 0.07175925925925927 0.0726851851851852 0.04629629629629626 0.08703703703703702 0.07870370370370368 0.0976851851851851
