0.05521191294387167 0.10126002290950731 0.0342497136311569 0.06277205040091631 0.07961053837342488 0.04444444444444441 0.0240549828178694 0.023024054982817847 0.04306987399770902 0.10206185567010301 0.11626575028636876 0.02210767468499424 0.07365406643757152 0.027720504009163777 0.1904925544100799
0.02265795206971676 0.022657952069716755 0.05686274509803915 0.0407407407407407 0.02614379084967318 0.1309368191721131 0.028758169934640504 0.06492374727668836 0.09041394335511974 0.12810457516339854 0.11111111111111101 0.04488017429193895 0.025925925925925908 0.16143790849673179 0.044444444444444405
0.06820512820512813 0.01982905982905979 0.08427350427350418 0.025128205128205097 0.023589743589743556 0.03897435897435893 0.25538461538461515 0.022735042735042704 0.21538461538461526 0.04136752136752133 0.03264957264957262 0.041025641025640956 0.02102564102564099 0.035384615384615355 0.07504273504273495
0.02568064753495218 0.011773362766740259 0.05327446651949963 0.030978660779985283 0.04260485651214128 0.02685798381162618 0.028035320088300227 0.05768947755702723 0.024871228844738788 0.06004415011037523 0.4333333333333334 0.01589403973509934 0.059676232523914644 0.05489330389992641 0.07439293598233994
0.05120772946859904 0.031159420289855123 0.042753623188405844 0.04227053140096622 0.13985507246376805 0.028743961352657048 0.042270531400966226 0.36135265700483116 0.03212560386473434 0.030434782608695695 0.0376811594202899 0.028502415458937246 0.06618357487922708 0.03285024154589377 0.03260869565217396
0.33504273504273463 0.11851851851851833 0.03646723646723641 0.08319088319088307 0.033903133903133854 0.06866096866096856 0.045868945868945826 0.02763532763532759 0.04444444444444439 0.031054131054131007 0.030484330484330434 0.04814814814814811 0.03133903133903129 0.03247863247863244 0.032763532763532714
0.05094850948509488 0.03821138211382116 0.13252032520325202 0.046070460704607075 0.06910569105691061 0.0574525745257453 0.04471544715447157 0.04444444444444447 0.03333333333333336 0.1311653116531165 0.06856368563685641 0.03197831978319786 0.04688346883468838 0.14525745257452563 0.059349593495935
0.03504273504273499 0.03817663817663813 0.03447293447293443 0.06638176638176631 0.06182336182336174 0.18518518518518493 0.035042735042734995 0.06638176638176631 0.02877492877492873 0.03646723646723642 0.029914529914529867 0.08888888888888877 0.038176638176638134 0.21025641025640998 0.045014245014244975
0.05343915343915337 0.056084656084656015 0.09365079365079361 0.05132275132275125 0.057671957671957604 0.0793650793650793 0.05343915343915337 0.052910052910052824 0.06031746031746024 0.06084656084656076 0.05291005291005283 0.15714285714285695 0.05396825396825389 0.04920634920634913 0.06772486772486765
0.04266666666666668 0.05155555555555557 0.040148148148148155 0.07629629629629636 0.022370370370370384 0.02977777777777779 0.024592592592592593 0.1244444444444444 0.07762962962962969 0.02948148148148149 0.12385185185185187 0.05525925925925928 0.049777777777777775 0.04192592592592593 0.2102222222222223
0.02480359147025813 0.10695847362514031 0.03928170594837261 0.016610549943883276 0.0716049382716049 0.018630751964085295 0.024579124579124575 0.01649831649831649 0.11739618406285073 0.09921436588103255 0.025252525252525256 0.027946127946127938 0.37732884399551064 0.015600448933782277 0.018294051627384962
0.07466666666666663 0.02933333333333335 0.14955555555555547 0.03644444444444447 0.03844444444444447 0.05288888888888889 0.045111111111111137 0.08933333333333326 0.13399999999999995 0.06577777777777777 0.11933333333333329 0.04866666666666668 0.03688888888888891 0.0337777777777778 0.0457777777777778
0.06444444444444437 0.04158730158730152 0.05587301587301581 0.09999999999999992 0.057460317460317385 0.06888888888888878 0.0412698412698412 0.046666666666666606 0.03904761904761897 0.14539682539682522 0.04857142857142851 0.06444444444444437 0.06793650793650789 0.10507936507936497 0.053333333333333274
0.02226666666666668 0.09515555555555553 0.13408888888888892 0.012488888888888898 0.0804444444444444 0.011600000000000008 0.03040000000000002 0.07222222222222219 0.021288888888888902 0.047644444444444455 0.041155555555555584 0.009688888888888896 0.04102222222222225 0.17235555555555557 0.2081777777777776
0.0547325102880659 0.12181069958847719 0.04238683127572021 0.09547325102880654 0.042798353909465056 0.038683127572016494 0.09917695473251024 0.04732510288065849 0.04855967078189305 0.048148148148148176 0.039506172839506214 0.08189300411522638 0.041975308641975365 0.04814814814814821 0.1493827160493827
0.034343434343434315 0.0397306397306397 0.03367003367003365 0.048484848484848464 0.09595959595959593 0.1225589225589226 0.3097643097643097 0.03771043771043769 0.032996632996632975 0.042760942760942736 0.03771043771043768 0.037037037037037014 0.04848484848484845 0.03804713804713802 0.040740740740740716
0.16421845574387944 0.02467043314500939 0.031450094161958535 0.1278719397363465 0.05197740112994345 0.02410546139359696 0.04500941619585682 0.13634651600753298 0.05103578154425607 0.05310734463276831 0.033333333333333305 0.022410546139359673 0.0397363465160075 0.05065913370998111 0.1440677966101695
0.04014336917562721 0.03691756272401431 0.056272401433691714 0.04301075268817201 0.03906810035842291 0.06738351254480282 0.04157706093189961 0.03512544802867381 0.09569892473118284 0.31290322580645175 0.04336917562724011 0.05412186379928312 0.04086021505376341 0.03835125448028671 0.05519713261648741
0.049462365591397814 0.11433691756272406 0.04874551971326162 0.04731182795698922 0.04193548387096772 0.08817204301075263 0.047670250896057316 0.05125448028673832 0.04551971326164871 0.06917562724014331 0.04229390681003581 0.035842293906810006 0.07849462365591392 0.059139784946236514 0.18064516129032265
0.0238993710691824 0.027463312368972776 0.10691823899371078 0.05953878406708603 0.04591194968553466 0.0968553459119498 0.0238993710691824 0.038364779874213883 0.10104821802935018 0.11677148846960171 0.06352201257861644 0.03060796645702309 0.042348008385744304 0.041299790356394195 0.1815513626834382
0.05769230769230765 0.04700854700854698 0.05769230769230767 0.09700854700854686 0.04487179487179483 0.13717948717948703 0.08931623931623925 0.1162393162393161 0.042307692307692275 0.04316239316239312 0.050427350427350394 0.044444444444444405 0.05769230769230765 0.07136752136752128 0.04358974358974355
0.02638888888888889 0.022743055555555555 0.04027777777777778 0.03802083333333333 0.06493055555555556 0.09149305555555555 0.033680555555555554 0.03125 0.07326388888888889 0.2513888888888889 0.021875 0.07048611111111111 0.07725694444444445 0.10364583333333334 0.05329861111111111
0.011884057971014479 0.1577777777777777 0.019710144927536213 0.11410628019323676 0.019420289855072444 0.03690821256038646 0.013140096618357466 0.013429951690821233 0.11574879227053139 0.15468599033816427 0.02280193236714974 0.0171014492753623 0.024444444444444418 0.2616425120772946 0.017198067632850225
0.020025839793281677 0.1408268733850129 0.2073643410852712 0.020284237726098206 0.04250645994832045 0.018217054263565905 0.30878552971576223 0.02144702842377263 0.025839793281653773 0.03152454780361759 0.040697674418604696 0.01485788113695092 0.02868217054263568 0.03630490956072355 0.04263565891472873
0.02901234567901233 0.026172839506172815 0.018395061728395046 0.030493827160493803 0.04617283950617281 0.015185185185185168 0.018888888888888872 0.017037037037037017 0.42938271604938266 0.08740740740740735 0.10246913580246907 0.11604938271604921 0.018518518518518504 0.022716049382716035 0.022098765432098745
0.20969267139479916 0.0293144208037825 0.03167848699763593 0.09858156028368795 0.02836879432624112 0.027423167848699744 0.028132387706855798 0.05200945626477541 0.140661938534279 0.030732860520094565 0.044444444444444425 0.04988179669030729 0.04704491725768321 0.05295508274231677 0.12907801418439713
0.050185185185185166 0.0701851851851851 0.08833333333333328 0.05648148148148145 0.050185185185185166 0.029629629629629613 0.03944444444444444 0.048148148148148114 0.07703703703703696 0.10851851851851849 0.08259259259259255 0.021666666666666664 0.03740740740740737 0.1842592592592593 0.055925925925925886
0.05170940170940165 0.039316239316239274 0.09444444444444434 0.040170940170940125 0.04957264957264952 0.0777777777777777 0.039743589743589706 0.06196581196581191 0.041025641025641 0.047008547008546966 0.04786324786324782 0.0397435897435897 0.049572649572649535 0.20854700854700853 0.11153846153846138
0.03931623931623926 0.036182336182336135 0.03874643874643872 0.04330484330484325 0.03931623931623927 0.14871794871794852 0.039886039886039844 0.06011396011396004 0.04102564102564098 0.04074074074074068 0.033048433048433 0.04159544159544154 0.03760683760683757 0.32051282051282015 0.03988603988603984
0.03969610636277301 0.06714150047483372 0.02972459639126303 0.06695156695156686 0.06514719848053177 0.03086419753086417 0.03314339981006646 0.020987654320987648 0.03551756885090215 0.3327635327635323 0.05679012345679007 0.014339981006647667 0.1280151946818612 0.05574548907882234 0.023171889838556496
0.05042735042735039 0.04188034188034184 0.07222222222222216 0.05940170940170935 0.050427350427350394 0.12564102564102553 0.0940170940170939 0.043589743589743546 0.08247863247863241 0.07350427350427344 0.05042735042735037 0.07435897435897429 0.09444444444444436 0.042735042735042694 0.04444444444444441
0.12398373983739831 0.01720867208672088 0.0323848238482385 0.02384823848238484 0.029132791327913295 0.021951219512195138 0.03523035230352305 0.04512195121951222 0.02344173441734419 0.057181571815718146 0.3764227642276425 0.015311653116531177 0.031029810298103 0.057588075880758795 0.11016260162601618
0.05515873015873011 0.0464285714285714 0.07460317460317453 0.08849206349206343 0.050396825396825363 0.0972222222222222 0.1666666666666666 0.04761904761904761 0.08849206349206347 0.044047619047619 0.04642857142857139 0.0468253968253968 0.06349206349206342 0.03888888888888886 0.045238095238095216
0.027020202020202038 0.0282828282828283 0.06489898989898989 0.056313131313131336 0.059595959595959654 0.14772727272727265 0.054797979797979825 0.05858585858585863 0.05252525252525256 0.0666666666666667 0.0507575757575758 0.06439393939393949 0.04116161616161622 0.10782828282828283 0.11944444444444441
0.04027777777777778 0.12569444444444444 0.08159722222222222 0.049305555555555554 0.044097222222222225 0.17430555555555555 0.06527777777777778 0.042708333333333334 0.0375 0.04548611111111111 0.05381944444444445 0.03923611111111111 0.071875 0.034375 0.09444444444444444
0.0320261437908496 0.033333333333333263 0.036601307189542416 0.0516339869281045 0.034313725490196005 0.03169934640522869 0.1748366013071893 0.03464052287581693 0.07908496732026135 0.18660130718954235 0.06241830065359469 0.031045751633986863 0.04738562091503261 0.04607843137254895 0.11830065359477111
0.08160919540229887 0.03984674329501911 0.07126436781609195 0.05708812260536394 0.03869731800766278 0.08927203065134101 0.05325670498084288 0.04099616858237543 0.043678160919540174 0.04942528735632179 0.20344827586206907 0.04252873563218388 0.0923371647509579 0.05478927203065132 0.041762452107279656
0.030555555555555537 0.047619047619047575 0.2047619047619047 0.0599206349206349 0.041269841269841234 0.02718253968253966 0.22539682539682535 0.03253968253968252 0.09345238095238097 0.05694444444444447 0.03134920634920633 0.04007936507936505 0.028174603174603158 0.037499999999999985 0.04325396825396822
0.10330969267139481 0.024822695035460977 0.027423167848699748 0.05531914893617019 0.10236406619385349 0.0536643026004728 0.0281323877068558 0.3321513002364065 0.031205673758865224 0.04988179669030733 0.02553191489361702 0.024113475177304944 0.042080378250591015 0.039952718676122934 0.06004728132387707
0.029555555555555578 0.07177777777777772 0.07577777777777771 0.025777777777777795 0.07999999999999997 0.052 0.18222222222222226 0.029111111111111133 0.034444444444444465 0.04666666666666669 0.05666666666666664 0.02755555555555557 0.0695555555555555 0.05822222222222222 0.16066666666666662
0.01941848390446519 0.0799584631360332 0.1192107995846313 0.03603322949117339 0.037590861889927274 0.0824506749740394 0.03499480789200411 0.022845275181723752 0.03561786085150569 0.029698857736240862 0.21349948078920045 0.014641744548286584 0.02274143302180682 0.21827622014537912 0.03302180685358252
0.05492957746478872 0.05539906103286384 0.028012519561815313 0.025978090766823135 0.024413145539906082 0.01768388106416274 0.03771517996870106 0.04115805946791859 0.06557120500782476 0.11596244131455402 0.02566510172143973 0.04866979655712048 0.04694835680751172 0.28544600938967135 0.12644757433489826
0.016541353383458655 0.0785296574770259 0.019632414369256494 0.2803675856307435 0.016624895572264004 0.015622389306599843 0.01746031746031747 0.015037593984962423 0.22464494569757731 0.056056808688387666 0.01654135338345866 0.013450292397660834 0.022472848788638266 0.05371762740183792 0.1532999164578112
0.0535353535353535 0.03670033670033667 0.04848484848484845 0.05925925925925922 0.04680134680134677 0.10808080808080806 0.08080808080808076 0.04545454545454542 0.16599326599326603 0.04848484848484845 0.03939393939393936 0.09259259259259255 0.08787878787878782 0.05151515151515148 0.03501683501683499
0.06419753086419756 0.05332157554379777 0.19570840681951793 0.03045267489711935 0.05338036449147559 0.07125220458553792 0.039329805996472664 0.040329218106995884 0.06337448559670783 0.030922986478542032 0.10617283950617283 0.016754850088183417 0.025631981187536748 0.16490299823633153 0.044268077601410945
0.04861111111111109 0.05092592592592592 0.052777777777777785 0.04768518518518516 0.057870370370370385 0.04999999999999998 0.17453703703703707 0.050462962962962966 0.06064814814814815 0.050462962962962925 0.0574074074074074 0.04444444444444439 0.1486111111111111 0.05601851851851852 0.049537037037037
0.037555555555555585 0.0782222222222222 0.03911111111111114 0.05688888888888889 0.04688888888888892 0.14177777777777775 0.03355555555555558 0.04333333333333336 0.03488888888888891 0.035111111111111135 0.034444444444444465 0.026444444444444458 0.059999999999999984 0.17133333333333334 0.16044444444444436
0.053030303030303066 0.04646464646464645 0.059090909090909124 0.05050505050505053 0.132828282828283 0.1252525252525254 0.055555555555555594 0.0494949494949495 0.05050505050505053 0.06767676767676775 0.06515151515151521 0.06262626262626267 0.05353535353535357 0.07171717171717173 0.056565656565656604
0.03096405228758167 0.01323529411764704 0.09730392156862748 0.020098039215686255 0.01903594771241828 0.01642156862745096 0.032271241830065335 0.03333333333333329 0.02491830065359474 0.24305555555555552 0.1140522875816993 0.013807189542483639 0.1565359477124183 0.0707516339869281 0.11421568627450979
0.04893162393162388 0.027991452991452954 0.04636752136752135 0.03461538461538459 0.09999999999999992 0.040811965811965764 0.050641025641025586 0.02649572649572647 0.04230769230769227 0.15235042735042734 0.04700854700854699 0.023717948717948703 0.04722222222222217 0.17863247863247864 0.13290598290598296
0.019786910197869136 0.05449010654490106 0.056316590563165916 0.055555555555555566 0.13789954337899543 0.059208523592085234 0.02557077625570778 0.03713850837138512 0.023744292237442944 0.042009132420091355 0.018417047184170497 0.026940639269406406 0.10715372907153728 0.3120243531202436 0.023744292237442958
0.02686567164179105 0.02056384742951909 0.04013266998341623 0.06152570480928689 0.023880597014925384 0.04792703150912105 0.4845771144278607 0.024875621890547275 0.0228855721393035 0.032835820895522394 0.07247097844112768 0.018573797678275317 0.023217247097844115 0.04212271973466003 0.05754560530679934
0.3564926372155287 0.019544846050870146 0.10428380187416328 0.05555555555555555 0.05087014725568943 0.03574297188755022 0.040428380187416346 0.026372155287817937 0.04230254350736279 0.02811244979919681 0.03708165997322625 0.031459170013386877 0.09785809906291831 0.02315930388219544 0.05073627844712183
0.06161616161616158 0.036363636363636334 0.06195286195286192 0.03703703703703701 0.04882154882154879 0.03501683501683499 0.056902356902356864 0.041750841750841726 0.11447811447811443 0.0767676767676767 0.0966329966329966 0.13030303030303034 0.09292929292929289 0.05420875420875417 0.05521885521885518
0.03809523809523804 0.028306878306878277 0.05264550264550261 0.05343915343915339 0.03333333333333329 0.03677248677248674 0.3362433862433863 0.03359788359788355 0.05634920634920631 0.03650793650793646 0.04417989417989415 0.02936507936507933 0.0637566137566137 0.033068783068783025 0.1243386243386242
0.07765700483091788 0.04317632850241546 0.024033816425120768 0.029528985507246367 0.02119565217391304 0.01666666666666667 0.02131642512077295 0.07041062801932368 0.02717391304347825 0.13913043478260873 0.2399154589371981 0.012198067632850246 0.07620772946859901 0.03949275362318842 0.16189613526570043
0.06262626262626268 0.04747474747474746 0.04747474747474746 0.04747474747474746 0.052525252525252544 0.13737373737373745 0.04646464646464645 0.04999999999999999 0.05505050505050509 0.04848484848484849 0.04848484848484848 0.20757575757575752 0.04848484848484848 0.04848484848484849 0.05202020202020205
0.029166666666666678 0.027546296296296298 0.07407407407407407 0.10324074074074073 0.07476851851851853 0.16944444444444437 0.22291666666666662 0.030092592592592594 0.024537037037037024 0.04097222222222225 0.035648148148148165 0.028935185185185192 0.06203703703703705 0.028703703703703714 0.0479166666666667
0.027849927849927826 0.016738816738816716 0.08340548340548336 0.02467532467532465 0.02842712842712842 0.027561327561327554 0.01861471861471859 0.04141414141414139 0.3093795093795093 0.05512265512265509 0.07604617604617604 0.09292929292929289 0.02871572871572869 0.07979797979797974 0.0893217893217893
0.038770685579196246 0.07635933806146566 0.04373522458628841 0.05413711583924351 0.030023640661938536 0.029550827423167853 0.04326241134751771 0.04657210401891251 0.2513002364066194 0.040189125295508284 0.12718676122931447 0.10449172576832157 0.03711583924349881 0.04728132387706855 0.030023640661938522
0.07080610021786485 0.1206971677559911 0.049673202614379006 0.025925925925925918 0.12113289760348568 0.06187363834422653 0.028104575163398666 0.03464052287581697 0.04509803921568624 0.13899782135076236 0.03834422657952066 0.04226579520697162 0.030065359477124156 0.16666666666666655 0.025708061002178633
0.02072310405643737 0.0956790123456789 0.05070546737213398 0.025573192239858874 0.01543209876543208 0.020723104056437364 0.4768077601410932 0.014109347442680758 0.09153439153439143 0.029188712522045822 0.03985890652557315 0.04065255731922394 0.02257495590828923 0.033509700176366806 0.02292768959435624
0.3967676767676767 0.026464646464646427 0.03252525252525247 0.0852525252525252 0.03898989898989894 0.025252525252525207 0.022424242424242378 0.03535353535353529 0.06787878787878783 0.02565656565656562 0.07878787878787874 0.06969696969696966 0.023636363636363587 0.030101010101010045 0.04121212121212117
0.04231678486997637 0.026004728132387706 0.03806146572104019 0.025295508274231673 0.03971631205673759 0.033569739952718676 0.024349881796690283 0.033096926713948 0.36713947990543744 0.03404255319148937 0.02789598108747044 0.16761229314420806 0.03853427895981087 0.059574468085106386 0.04278959810874704
0.06657986111111111 0.011371527777777777 0.125 0.014149305555555556 0.06666666666666667 0.05538194444444444 0.02621527777777778 0.07786458333333333 0.03975694444444444 0.08185763888888889 0.019444444444444445 0.015190972222222222 0.052083333333333336 0.30868055555555557 0.03975694444444444
0.040229885057471236 0.039463601532567005 0.1049808429118774 0.05095785440613021 0.05249042145593864 0.06896551724137928 0.04521072796934861 0.042911877394635985 0.050191570881226 0.14865900383141767 0.07088122605363982 0.06245210727969341 0.05019157088122602 0.04099616858237544 0.13141762452107283
0.04005847953216374 0.0330409356725146 0.05964912280701748 0.07631578947368414 0.06403508771929824 0.05672514619883037 0.33128654970760224 0.03508771929824562 0.030701754385964907 0.03830409356725145 0.040350877192982436 0.04766081871345028 0.0327485380116959 0.07748538011695899 0.036549707602339165
0.04814814814814811 0.03487654320987649 0.038271604938271545 0.07222222222222213 0.034259259259259205 0.0938271604938271 0.03487654320987648 0.04783950617283945 0.09783950617283949 0.041975308641975254 0.03858024691358019 0.26296296296296295 0.07438271604938264 0.03549382716049378 0.04444444444444437
0.055938697318007595 0.04712643678160915 0.05287356321839075 0.045977011494252824 0.05823754789272029 0.062452107279693435 0.05823754789272027 0.05440613026819916 0.045977011494252824 0.0977011494252874 0.04597701149425284 0.043678160919540195 0.04252873563218388 0.09310344827586212 0.19578544061302686
0.037940379403794064 0.03170731707317075 0.06802168021680222 0.18048780487804872 0.04552845528455288 0.04525745257452578 0.03170731707317075 0.04417344173441737 0.1355013550135501 0.05257452574525749 0.12737127371273707 0.03252032520325206 0.05582655826558269 0.033062330623306255 0.07831978319783203
0.061517615176151806 0.03577235772357726 0.08482384823848244 0.03441734417344176 0.04688346883468838 0.06531165311653121 0.04200542005420057 0.05013550135501359 0.0636856368563686 0.057181571815718195 0.03550135501355016 0.04552845528455288 0.05311653116531169 0.25176151761517607 0.07235772357723583
0.06504065040650411 0.034688346883468855 0.03766937669376696 0.058536585365853704 0.03604336043360436 0.048780487804878085 0.057181571815718195 0.03712737127371276 0.37371273712737135 0.03766937669376696 0.039837398373983764 0.04959349593495938 0.05880758807588079 0.031436314363143654 0.03387533875338755
0.07589869281045751 0.07197712418300656 0.07933006535947708 0.02091503267973854 0.03602941176470585 0.024918300653594745 0.11748366013071897 0.20465686274509803 0.037254901960784285 0.04150326797385618 0.12467320261437918 0.03096405228758167 0.035866013071895395 0.07777777777777775 0.020751633986928076
0.023076923076923057 0.10790598290598287 0.06666666666666662 0.07329059829059818 0.02713675213675211 0.13076923076923075 0.026709401709401687 0.05470085470085465 0.06025641025641018 0.23119658119658126 0.03632478632478627 0.029914529914529888 0.0412393162393162 0.054700854700854645 0.03611111111111107
0.033333333333333284 0.02203389830508472 0.03578154425612049 0.029943502824858727 0.026177024482109196 0.06798493408662892 0.5026365348399245 0.022975517890772103 0.023728813559322 0.07947269303201498 0.025988700564971722 0.04086629001883233 0.028060263653483956 0.028436911487758905 0.03258003766478339
0.03273809523809522 0.031944444444444414 0.058134920634920643 0.06646825396825395 0.0898809523809524 0.06666666666666667 0.0529761904761905 0.05515873015873013 0.0323412698412698 0.10416666666666664 0.24424603174603174 0.02202380952380952 0.06607142857142863 0.027182539682539666 0.05
0.030193236714975882 0.10362318840579701 0.03164251207729474 0.026086956521739178 0.02922705314009666 0.12101449275362318 0.38502415458937206 0.03212560386473435 0.039613526570048345 0.03913043478260874 0.03888888888888893 0.030193236714975886 0.03478260869565222 0.029227053140096656 0.029227053140096656
0.07333333333333328 0.04333333333333332 0.054444444444444406 0.06333333333333328 0.04111111111111112 0.05037037037037035 0.09037037037037035 0.14148148148148132 0.059629629629629595 0.04703703703703703 0.04370370370370368 0.13259259259259248 0.06407407407407405 0.04037037037037036 0.054814814814814795
0.03916666666666667 0.02138888888888887 0.09791666666666668 0.041527777777777775 0.053888888888888896 0.03944444444444445 0.030138888888888892 0.03347222222222223 0.06236111111111109 0.04055555555555556 0.06875 0.05513888888888884 0.07888888888888886 0.24833333333333335 0.08902777777777773
0.03576388888888889 0.02326388888888889 0.04861111111111111 0.03680555555555556 0.21597222222222223 0.02638888888888889 0.03229166666666667 0.05486111111111111 0.022048611111111113 0.06597222222222222 0.05572916666666667 0.04878472222222222 0.04982638888888889 0.21909722222222222 0.06458333333333334
0.036473429951690874 0.029951690821256087 0.09927536231884063 0.06908212560386474 0.03768115942028989 0.05821256038647345 0.05338164251207731 0.05531400966183574 0.051932367149758504 0.12246376811594208 0.0408212560386474 0.05507246376811597 0.05966183574879228 0.1417874396135266 0.0888888888888889
0.04397759103641452 0.06013071895424828 0.03585434173669465 0.04603174603174601 0.06554621848739488 0.014565826330532206 0.014005602240896354 0.02296918767507002 0.1028944911297852 0.18188608776844062 0.026890756302520986 0.03809523809523804 0.14659197012138175 0.16022408963585413 0.040336134453781466
0.056349206349206295 0.03333333333333329 0.03650793650793647 0.03359788359788355 0.06455026455026448 0.03148148148148144 0.07539682539682532 0.08465608465608454 0.3333333333333333 0.0423280423280423 0.0658730158730158 0.035449735449735405 0.03571428571428566 0.0309523809523809 0.040476190476190436
0.0384615384615384 0.03162393162393158 0.03019943019943017 0.023646723646723614 0.025641025641025612 0.03646723646723642 0.022222222222222206 0.03247863247863245 0.45284900284900237 0.07108262108262102 0.036609686609686574 0.03988603988603983 0.019230769230769197 0.06324786324786318 0.07635327635327627
0.05625 0.035069444444444445 0.043402777777777776 0.04097222222222222 0.041666666666666664 0.07534722222222222 0.049652777777777775 0.3315972222222222 0.05173611111111111 0.03993055555555555 0.04201388888888889 0.03958333333333333 0.04513888888888889 0.04895833333333333 0.058680555555555555
0.02881944444444445 0.07511574074074072 0.04351851851851852 0.016666666666666666 0.03379629629629629 0.0525462962962963 0.038657407407407404 0.493402777777778 0.02858796296296296 0.022106481481481484 0.022337962962962962 0.031597222222222235 0.030439814814814826 0.01840277777777779 0.06400462962962966
0.06434108527131789 0.03307493540051683 0.047286821705426405 0.07958656330749363 0.13617571059431538 0.044702842377261014 0.05607235142118869 0.05968992248062021 0.02635658914728685 0.13359173126615004 0.04728682170542642 0.028940568475452233 0.061498708010335974 0.09741602067183473 0.08397932816537478
0.15771604938271605 0.054166666666666675 0.0748456790123457 0.021141975308641942 0.03580246913580242 0.024691358024691325 0.024228395061728362 0.03163580246913576 0.029783950617283905 0.04537037037037032 0.1274691358024691 0.018672839506172816 0.0405864197530864 0.20895061728395056 0.10493827160493828
0.04444444444444438 0.04398148148148143 0.04768518518518516 0.04768518518518515 0.04351851851851845 0.17870370370370364 0.09166666666666663 0.04305555555555549 0.06296296296296298 0.07129629629629632 0.04999999999999998 0.12129629629629635 0.06527777777777775 0.04351851851851847 0.044907407407407354
0.0335429769392034 0.13333333333333341 0.08176100628930826 0.07442348008385748 0.04675052410901473 0.0654088050314466 0.05408805031446546 0.034591194968553514 0.04947589098532504 0.04297693920335437 0.18637316561844866 0.031027253668763136 0.04046121593291411 0.04591194968553465 0.07987421383647805
0.053418803418803375 0.04316239316239311 0.16324786324786317 0.07051282051282043 0.07692307692307683 0.08333333333333325 0.044017094017093986 0.0457264957264957 0.06752136752136743 0.05341880341880337 0.06324786324786319 0.0696581196581196 0.05384615384615378 0.05811965811965806 0.053846153846153794
0.03258185721953841 0.13607085346215772 0.055018786902844924 0.011701556629092866 0.18003220611916276 0.00848094471282878 0.012506709608158893 0.023510466988727875 0.016425120772946875 0.04009661835748794 0.33998926462694595 0.007031669350509938 0.03558776167471822 0.016586151368760068 0.08438003220611923
0.04646464646464645 0.04797979797979798 0.05858585858585862 0.04797979797979797 0.05000000000000002 0.211111111111111 0.053535353535353554 0.05353535353535357 0.0545454545454546 0.056565656565656625 0.11565656565656572 0.0565656565656566 0.052525252525252544 0.04595959595959594 0.04898989898989899
0.04159544159544154 0.031623931623931574 0.042165242165242124 0.0629629629629629 0.038176638176638134 0.08005698005697998 0.3472934472934468 0.05356125356125349 0.04074074074074068 0.04387464387464381 0.03304843304843299 0.045299145299145256 0.04843304843304839 0.046723646723646685 0.044444444444444405
0.04285714285714284 0.04404761904761903 0.09960317460317451 0.0821428571428571 0.07658730158730154 0.10039682539682533 0.09206349206349206 0.04087301587301587 0.06269841269841268 0.053968253968253936 0.04999999999999997 0.04325396825396823 0.10436507936507926 0.04722222222222222 0.059920634920634853
0.051851851851851836 0.04185185185185185 0.07370370370370363 0.04703703703703703 0.04592592592592592 0.11444444444444433 0.24296296296296294 0.05037037037037036 0.04333333333333334 0.054814814814814795 0.06518518518518514 0.04074074074074073 0.04259259259259259 0.04037037037037033 0.04481481481481482
0.05138888888888889 0.0375 0.109375 0.07361111111111111 0.03958333333333333 0.03715277777777778 0.03958333333333333 0.18125 0.05486111111111111 0.05659722222222222 0.044097222222222225 0.03784722222222222 0.08402777777777778 0.03958333333333333 0.11354166666666667
0.033796296296296255 0.01728395061728392 0.06296296296296296 0.08750000000000002 0.02577160493827158 0.031790123456790095 0.021604938271604906 0.04043209876543207 0.13472222222222213 0.054475308641975285 0.23117283950617284 0.020370370370370337 0.03564814814814811 0.16435185185185194 0.03811728395061726
0.07623456790123449 0.03919753086419748 0.1382716049382716 0.08518518518518509 0.04104938271604932 0.03333333333333328 0.06574074074074066 0.04907407407407402 0.07253086419753077 0.03302469135802464 0.058333333333333265 0.11419753086419746 0.03518518518518513 0.07499999999999993 0.08364197530864187
0.07037037037037039 0.06018518518518518 0.06851851851851855 0.05648148148148153 0.08101851851851853 0.05601851851851853 0.06435185185185187 0.07175925925925927 0.056481481481481466 0.08564814814814821 0.050462962962962946 0.05462962962962965 0.055555555555555546 0.10879629629629631 0.05972222222222225
0.0213483146067416 0.07066167290886394 0.02209737827715358 0.0250936329588015 0.13508114856429465 0.15630461922596747 0.022596754057428232 0.04119850187265918 0.0445692883895131 0.0891385767790262 0.06591760299625467 0.017478152309613006 0.058551810237203496 0.20923845193508114 0.02072409488139828
0.1486742424242424 0.02941919191919192 0.059406565656565664 0.03023989898989899 0.2282828282828283 0.02455808080808081 0.017361111111111112 0.07575757575757577 0.07626262626262624 0.0470959595959596 0.0773989898989899 0.010164141414141433 0.05606060606060605 0.025631313131313133 0.09368686868686867
0.03441358024691353 0.10015432098765428 0.024382716049382677 0.02762345679012342 0.10061728395061727 0.08009259259259256 0.37345679012345684 0.034413580246913544 0.024999999999999956 0.044444444444444405 0.020524691358024663 0.015895061728395034 0.03441358024691354 0.01743827160493824 0.06712962962962964
0.07414141414141409 0.024646464646464594 0.06666666666666665 0.024646464646464604 0.0987878787878788 0.14121212121212118 0.28585858585858587 0.029494949494949452 0.040606060606060555 0.03959595959595955 0.055757575757575735 0.022828282828282784 0.037979797979797926 0.025858585858585807 0.03191919191919187
0.05990338164251208 0.027053140096618404 0.0678743961352657 0.04082125603864738 0.037681159420289906 0.1347826086956521 0.06956521739130438 0.03671497584541068 0.041304347826087016 0.03647342995169087 0.19323671497584544 0.0997584541062802 0.043478260869565265 0.05289855072463767 0.05845410628019327
0.2044871794871794 0.02542735042735041 0.03461538461538459 0.025854700854700832 0.03611111111111108 0.022222222222222206 0.032905982905982886 0.07414529914529908 0.2538461538461539 0.05256410256410252 0.07158119658119652 0.026068376068376038 0.0331196581196581 0.0395299145299145 0.06752136752136743
0.04222222222222225 0.04311111111111114 0.0417777777777778 0.07333333333333339 0.05422222222222226 0.15955555555555545 0.05111111111111115 0.04266666666666669 0.05511111111111115 0.05422222222222226 0.16399999999999998 0.0417777777777778 0.05022222222222226 0.05244444444444448 0.07422222222222227
0.039243498817966904 0.02836879432624114 0.03687943262411348 0.08794326241134745 0.031442080378250595 0.02718676122931442 0.1855791962174941 0.06241134751773049 0.11418439716312052 0.06808510638297874 0.092434988179669 0.025059101654846316 0.06335697399527186 0.04539007092198581 0.09243498817966904
0.050617283950617334 0.04279835390946507 0.1333333333333333 0.06419753086419756 0.06666666666666675 0.0860082304526749 0.07860082304526751 0.055555555555555615 0.057613168724279885 0.05967078189300417 0.08106995884773667 0.05596707818930046 0.053909465020576176 0.05555555555555561 0.0584362139917696
0.16507936507936483 0.025925925925925894 0.02857142857142854 0.048412698412698386 0.028571428571428532 0.028835978835978802 0.02724867724867721 0.03015873015873012 0.03068783068783064 0.02777777777777775 0.03121693121693117 0.02777777777777775 0.44206349206349166 0.02857142857142853 0.02910052910052906
0.039542483660130655 0.04346405228758163 0.1241830065359476 0.04542483660130712 0.042810457516339794 0.11764705882352927 0.03496732026143783 0.04379084967320255 0.08856209150326788 0.1944444444444444 0.04575163398692803 0.03594771241830059 0.058823529411764615 0.04183006535947706 0.0428104575163398
0.06666666666666665 0.04126984126984124 0.06746031746031739 0.0666666666666666 0.12857142857142853 0.07698412698412693 0.09404761904761903 0.06230158730158726 0.046825396825396805 0.052380952380952375 0.06904761904761902 0.046825396825396805 0.051984126984126966 0.04761904761904761 0.0813492063492063
0.07314814814814813 0.025462962962962965 0.06921296296296295 0.04444444444444444 0.024537037037037013 0.07268518518518517 0.062037037037037036 0.05324074074074071 0.044907407407407424 0.13055555555555556 0.03009259259259259 0.023842592592592575 0.04537037037037039 0.23425925925925917 0.06620370370370368
0.05511111111111114 0.047111111111111145 0.06088888888888893 0.057333333333333375 0.1257777777777777 0.0635555555555556 0.09644444444444449 0.05777777777777781 0.04977777777777781 0.05777777777777782 0.0546666666666667 0.06800000000000005 0.10533333333333336 0.04844444444444448 0.05200000000000004
0.029478458049886615 0.029024943310657584 0.14671201814058968 0.060090702947845784 0.04852607709750562 0.06802721088435376 0.13922902494331066 0.08503401360544216 0.06394557823129252 0.06190476190476187 0.04693877551020407 0.08594104308390023 0.06712018140589567 0.03151927437641722 0.036507936507936455
0.014327485380116951 0.045906432748537986 0.049049707602339204 0.025365497076023372 0.012938596491228065 0.01630116959064326 0.016593567251461976 0.016374269005847944 0.01842105263157892 0.021125730994152027 0.5334064327485382 0.0524122807017544 0.032529239766081866 0.12054093567251462 0.02470760233918127
0.04022988505747123 0.04597701149425284 0.05478927203065129 0.04674329501915702 0.05019157088122604 0.0697318007662835 0.054789272030651294 0.05440613026819919 0.15134099616858243 0.07432950191570878 0.05708812260536393 0.10421455938697322 0.08467432950191572 0.049425287356321804 0.06206896551724133
0.04555555555555552 0.03305555555555551 0.04666666666666663 0.03416666666666663 0.04722222222222218 0.09027777777777778 0.05777777777777776 0.055555555555555566 0.038333333333333275 0.06250000000000003 0.03222222222222217 0.029999999999999954 0.3502777777777778 0.034722222222222175 0.04166666666666664
0.03423423423423425 0.03153153153153155 0.03633633633633636 0.04144144144144148 0.04234234234234236 0.030930930930930935 0.04474474474474477 0.2627627627627628 0.04714714714714718 0.0663663663663664 0.08978978978978974 0.029729729729729742 0.10570570570570571 0.041741741741741764 0.09519519519519523
0.08567251461988301 0.04631578947368421 0.07783625730994152 0.013391812865497083 0.07216374269005846 0.02204678362573102 0.05549707602339179 0.11812865497076024 0.04748538011695908 0.023976608187134513 0.02643274853801169 0.012163742690058488 0.18415204678362565 0.13994152046783623 0.07479532163742691
0.10611111111111104 0.05166666666666658 0.05833333333333325 0.05611111111111102 0.06666666666666658 0.05777777777777769 0.05111111111111103 0.053888888888888806 0.12833333333333335 0.061666666666666564 0.057222222222222126 0.05277777777777768 0.05444444444444435 0.06333333333333324 0.08055555555555546
0.15694444444444444 0.019444444444444445 0.07152777777777777 0.03576388888888889 0.027083333333333334 0.025 0.024479166666666666 0.024826388888888887 0.24166666666666667 0.1032986111111111 0.022569444444444444 0.1404513888888889 0.027430555555555555 0.05295138888888889 0.0265625
0.12279202279202263 0.03988603988603985 0.08518518518518516 0.03988603988603985 0.05811965811965804 0.0689458689458689 0.05128205128205122 0.06410256410256401 0.044444444444444384 0.04814814814814809 0.03732193732193728 0.0512820512820512 0.09658119658119656 0.04558404558404554 0.14643874643874624
0.03270202020202022 0.15744949494949498 0.20669191919191915 0.0321969696969697 0.10530303030303031 0.018308080808080836 0.04545454545454548 0.023989898989899002 0.04747474747474748 0.026893939393939408 0.06704545454545455 0.01881313131313134 0.020959595959595987 0.16199494949494941 0.03472222222222223
0.034285714285714225 0.03809523809523802 0.09968253968253961 0.05333333333333326 0.04380952380952375 0.05365079365079358 0.057460317460317385 0.03999999999999994 0.044761904761904704 0.050158730158730076 0.06571428571428564 0.03460317460317453 0.059999999999999935 0.23777777777777756 0.08666666666666656
0.018730158730158732 0.009396825396825393 0.09073015873015873 0.018857142857142864 0.056317460317460336 0.022984126984126968 0.019619047619047616 0.020444444444444432 0.06768253968253972 0.025968253968253988 0.1167619047619048 0.017079365079365076 0.027746031746031758 0.10895238095238091 0.3787301587301587
0.0559523809523809 0.05753968253968252 0.06111111111111106 0.148015873015873 0.04999999999999996 0.043253968253968204 0.045238095238095195 0.05634920634920631 0.09722222222222218 0.056746031746031704 0.042063492063492046 0.041269841269841234 0.04523809523809522 0.08293650793650789 0.11706349206349208
0.021308980213089832 0.01872146118721463 0.033789954337899566 0.13592085235920853 0.027245053272450553 0.04931506849315071 0.03637747336377476 0.03348554033485543 0.23302891933028927 0.061187214611872105 0.1132420091324201 0.03926940639269409 0.029680365296803683 0.08249619482496197 0.08493150684931507
0.04444444444444448 0.12427983539094635 0.05144032921810704 0.0452674897119342 0.14691358024691362 0.044855967078189354 0.042798353909465056 0.04732510288065848 0.049382716049382755 0.04609053497942391 0.049382716049382755 0.041152263374485624 0.04897119341563791 0.14855967078189297 0.06913580246913584
0.09414575866188762 0.045041816009557915 0.028673835125448015 0.1329749103942653 0.06523297491039422 0.022222222222222206 0.026403823178016712 0.03859020310633211 0.10633213859020309 0.11589008363201914 0.08183990442054953 0.013978494623655904 0.03775388291517321 0.1362007168458782 0.054719235364396615
0.04400000000000003 0.0417777777777778 0.05288888888888892 0.0466666666666667 0.04400000000000003 0.047111111111111145 0.044888888888888916 0.047111111111111145 0.06000000000000003 0.29333333333333333 0.04844444444444448 0.08488888888888894 0.056888888888888926 0.045777777777777806 0.04222222222222225
0.0385185185185185 0.032962962962962944 0.038333333333333316 0.0507407407407407 0.03907407407407406 0.03870370370370369 0.053703703703703684 0.022037037037037025 0.026666666666666665 0.10425925925925923 0.06888888888888885 0.0642592592592592 0.08037037037037034 0.3127777777777778 0.02870370370370369
