0.03459595959595964 0.06363636363636366 0.14545454545454545 0.06969696969696973 0.069949494949495 0.035606060606060655 0.08762626262626264 0.0272727272727273 0.19393939393939388 0.04419191919191923 0.037373737373737406 0.0623737373737374 0.03686868686868691 0.040909090909090964 0.05050505050505054
0.010938845822566766 0.036347975882859644 0.11188630490956086 0.03875968992248066 0.10542635658914741 0.044013781223083595 0.15090439276485806 0.03126614987080106 0.013953488372093035 0.11369509043927661 0.030232558139534918 0.09844961240310089 0.06744186046511634 0.09534883720930244 0.05133505598621884
0.07457264957264946 0.032264957264957234 0.0493589743589743 0.0333333333333333 0.06452991452991445 0.06153846153846148 0.04102564102564097 0.06709401709401704 0.03440170940170938 0.10299145299145294 0.21388888888888874 0.03461538461538457 0.13632478632478634 0.028205128205128185 0.025854700854700836
0.04046121593291414 0.06163522012578619 0.02222222222222222 0.02578616352201259 0.03563941299790364 0.04025157232704408 0.14591194968553473 0.09958071278826006 0.028721174004192898 0.09916142557651998 0.12327044025157238 0.11174004192872126 0.08406708595387853 0.02410901467505242 0.05744234800838578
0.018448637316561874 0.10461215932914052 0.20723270440251573 0.021383647798742172 0.049475890985325 0.03113207547169814 0.08238993710691826 0.0324947589098533 0.01687631027253672 0.06268343815513633 0.1262054507337526 0.03647798742138368 0.07893081761006292 0.10272536687631031 0.02893081761006292
0.029248366013071847 0.06911764705882346 0.047058823529411715 0.11111111111111104 0.04084967320261433 0.07107843137254896 0.07941176470588235 0.08676470588235283 0.025980392156862712 0.039542483660130676 0.027287581699346364 0.21748366013071885 0.04199346405228754 0.07679738562091494 0.036274509803921516
0.03806921675774135 0.042440801457194866 0.07213114754098358 0.08415300546448087 0.1783242258652095 0.027140255009107456 0.05792349726775952 0.03642987249544626 0.17067395264116567 0.08870673952641159 0.04754098360655733 0.04043715846994534 0.04899817850637516 0.025500910746812395 0.04153005464480875
0.04797979797979797 0.055050505050505065 0.09040404040404044 0.05000000000000002 0.06060606060606063 0.052525252525252544 0.06767676767676775 0.06868686868686871 0.056060606060606075 0.1292929292929294 0.12171717171717181 0.052525252525252544 0.04797979797979798 0.05151515151515154 0.04797979797979797
0.03799283154121861 0.051971326164874515 0.06236559139784942 0.08387096774193542 0.04695340501792111 0.30681003584229394 0.05376344086021501 0.042293906810035815 0.03906810035842291 0.03763440860215051 0.037275985663082406 0.03978494623655911 0.06344086021505371 0.04193548387096771 0.054838709677419314
0.020933977455716582 0.04444444444444448 0.08341384863123993 0.0347826086956522 0.20950080515297909 0.07359098228663444 0.048470209339774604 0.046054750402576526 0.0489533011272142 0.02045088566827697 0.04702093397745575 0.0315619967793881 0.040901771336553976 0.019001610305958136 0.2309178743961352
0.11343669250646007 0.07364341085271324 0.04987080103359178 0.030749354005167998 0.039793281653746806 0.05865633074935405 0.04625322997416025 0.09534883720930241 0.15038759689922498 0.09922480620155047 0.03720930232558143 0.02868217054263569 0.06356589147286829 0.028423772609819146 0.08475452196382437
0.029979035639413062 0.14947589098532496 0.036687631027253725 0.02620545073375265 0.20838574423480088 0.040041928721174055 0.08238993710691832 0.13626834381551373 0.02704402515723273 0.03144654088050319 0.03501048218029354 0.08092243186582816 0.04297693920335434 0.024109014675052422 0.04905660377358496
0.01980136561142151 0.07889509621353198 0.01936685288640597 0.11303538175046562 0.08547486033519552 0.06772191185599007 0.03147113594040968 0.012414649286157682 0.016325263811297334 0.05294847920546247 0.01272501551831162 0.018497827436374934 0.375667287399131 0.07895716945996269 0.016697703289882074
0.04015594541910336 0.13255360623781673 0.041325536062378196 0.024366471734892814 0.023586744639376253 0.05321637426900582 0.05380116959064327 0.18791423001949314 0.03606237816764135 0.04639376218323589 0.02807017543859652 0.0693957115009746 0.20116959064327478 0.025146198830409385 0.03684210526315795
0.04861111111111107 0.06574074074074074 0.04953703703703701 0.05 0.10231481481481478 0.04629629629629624 0.05833333333333334 0.04305555555555551 0.04444444444444438 0.05277777777777778 0.04351851851851846 0.06296296296296304 0.04490740740740734 0.047222222222222214 0.24027777777777787
0.04700854700854696 0.049857549857549796 0.08119658119658109 0.056980056980056946 0.06638176638176628 0.07692307692307683 0.058689458689458636 0.08404558404558396 0.03789173789173784 0.1270655270655269 0.08376068376068369 0.03703703703703699 0.07549857549857544 0.07037037037037033 0.04729344729344723
0.0968253968253969 0.1432539682539683 0.05476190476190473 0.04285714285714283 0.041666666666666644 0.04484126984126984 0.048412698412698366 0.08650793650793648 0.051587301587301564 0.06904761904761898 0.10674603174603169 0.04126984126984122 0.047619047619047596 0.03928571428571426 0.08531746031746018
0.05473251028806593 0.08312757201646095 0.04485596707818936 0.05596707818930044 0.055555555555555615 0.05884773662551448 0.08930041152263378 0.04526748971193422 0.0703703703703704 0.057201646090534984 0.07695473251028809 0.1053497942386831 0.06502057613168727 0.05144032921810707 0.08600823045267496
0.05213675213675209 0.05683760683760678 0.12136752136752123 0.0824786324786324 0.0756410256410256 0.05897435897435891 0.1260683760683759 0.040598290598290565 0.09017094017094014 0.06581196581196572 0.04401709401709397 0.04871794871794869 0.04572649572649568 0.04487179487179485 0.04658119658119654
0.042592592592592585 0.06185185185185181 0.11037037037037035 0.048148148148148134 0.054444444444444406 0.040740740740740716 0.15629629629629613 0.0422222222222222 0.09888888888888887 0.047777777777777766 0.060370370370370345 0.05444444444444443 0.06740740740740737 0.04777777777777776 0.06666666666666662
0.05441595441595435 0.050427350427350366 0.04102564102564098 0.04017094017094012 0.04188034188034183 0.035042735042734995 0.08347578347578338 0.1259259259259258 0.14643874643874627 0.09202279202279197 0.040740740740740695 0.03190883190883186 0.08290598290598286 0.045014245014244975 0.0886039886039885
0.04097222222222222 0.03923611111111111 0.03611111111111111 0.04548611111111111 0.06979166666666667 0.05277777777777778 0.05416666666666667 0.03888888888888889 0.03611111111111111 0.040625 0.11180555555555556 0.03819444444444445 0.043402777777777776 0.13125 0.22118055555555555
0.01122058018609742 0.06146688560481662 0.02506841817186646 0.015380405035577456 0.4066228790366724 0.0555008210180624 0.1093596059113301 0.02479474548440067 0.014942528735632182 0.030049261083743853 0.1264915161466886 0.021346469622331707 0.07991242474001096 0.010071154898741098 0.007772304324028455
0.017939814814814825 0.23020833333333332 0.21273148148148152 0.02372685185185185 0.025231481481481487 0.02361111111111112 0.023148148148148143 0.049537037037037046 0.09131944444444448 0.05787037037037036 0.03993055555555557 0.043981481481481496 0.046180555555555565 0.09178240740740738 0.022800925925925926
0.03279785809906289 0.0657295850066934 0.06345381526104416 0.03386880856760377 0.08507362784471215 0.06639892904953142 0.2035475234270416 0.04082998661311914 0.032463186077643896 0.03875502008032129 0.03440428380187416 0.060709504685408304 0.04598393574297187 0.13587684069611775 0.06010709504685406
0.03660130718954243 0.05294117647058821 0.03485838779956423 0.12222222222222208 0.032897603485838756 0.044880174291938954 0.07734204793028317 0.048148148148148114 0.040087145969498875 0.07298474945533762 0.09825708061002165 0.10958605664488004 0.1067538126361655 0.0250544662309368 0.09738562091503256
0.06365348399246697 0.05875706214689259 0.18210922787193973 0.07212806026365338 0.04350282485875703 0.03502824858757058 0.07156308851224097 0.031073446327683583 0.20564971751412425 0.03615819209039544 0.04199623352165722 0.023163841807909577 0.05819209039548014 0.025612052730696774 0.051412429378531015
0.03650793650793645 0.071111111111111 0.03746031746031739 0.049841269841269756 0.15238095238095226 0.040634920634920565 0.10507936507936498 0.050476190476190404 0.057460317460317385 0.059999999999999956 0.04761904761904755 0.06158730158730151 0.10412698412698401 0.040634920634920565 0.08507936507936502
0.057333333333333375 0.06666666666666672 0.04266666666666669 0.048000000000000036 0.05022222222222226 0.05200000000000004 0.0506666666666667 0.0466666666666667 0.058222222222222265 0.05111111111111115 0.059111111111111156 0.09244444444444447 0.05022222222222226 0.05111111111111115 0.2235555555555554
0.04853801169590647 0.018596491228070194 0.03649122807017547 0.0346198830409357 0.023274853801169608 0.06222222222222222 0.04538011695906434 0.05871345029239765 0.4087719298245617 0.10947368421052632 0.02421052631578949 0.015789473684210537 0.03684210526315793 0.050175438596491234 0.02690058479532167
0.36666666666666664 0.03696581196581193 0.03739316239316235 0.053205128205128155 0.03205128205128202 0.03739316239316236 0.027564102564102536 0.07499999999999993 0.03269230769230765 0.069017094017094 0.03269230769230767 0.030341880341880307 0.05512820512820509 0.08632478632478624 0.027564102564102536
0.039259259259259265 0.05666666666666665 0.04185185185185185 0.0744444444444444 0.04259259259259258 0.04962962962962962 0.07666666666666665 0.03814814814814815 0.043333333333333314 0.15333333333333315 0.03888888888888888 0.054814814814814795 0.0892592592592592 0.03740740740740739 0.16370370370370355
0.022574955908289212 0.18218694885361528 0.025044091710758352 0.0333333333333333 0.32239858906525526 0.046384479717813024 0.06772486772486766 0.027865961199294506 0.04585537918871248 0.05925925925925922 0.02804232804232801 0.055731922398588984 0.034744268077601365 0.02504409171075835 0.023809523809523774
0.05347222222222221 0.10625 0.026388888888888885 0.04263888888888889 0.044722222222222247 0.03222222222222223 0.15208333333333332 0.07972222222222222 0.020555555555555532 0.15347222222222223 0.027361111111111107 0.027083333333333327 0.14402777777777775 0.05374999999999997 0.036250000000000004
0.0395413206801107 0.07504942665085014 0.029062870699881366 0.1667457493080269 0.1298141557928035 0.038829576907868715 0.07394226967180706 0.013720838275998414 0.014511664689600634 0.04365361803084223 0.043416370106761575 0.1543693159351522 0.06370106761565833 0.0876235666271254 0.02601818900751285
0.02180555555555553 0.02513888888888888 0.05888888888888889 0.0236111111111111 0.11513888888888893 0.029999999999999995 0.05138888888888891 0.054722222222222214 0.10819444444444443 0.09833333333333333 0.23027777777777786 0.018194444444444423 0.05319444444444447 0.05569444444444441 0.055416666666666684
0.0429487179487179 0.04423076923076919 0.037393162393162344 0.039102564102564075 0.041025641025640984 0.03739316239316236 0.0506410256410256 0.02649572649572647 0.27841880341880343 0.042735042735042694 0.0551282051282051 0.07499999999999993 0.04786324786324782 0.1179487179487179 0.06367521367521362
0.13162393162393152 0.025299145299145263 0.022222222222222202 0.02376068376068373 0.03059829059829056 0.05743589743589737 0.037606837606837584 0.08512820512820501 0.02358974358974355 0.025128205128205097 0.09452991452991445 0.06461538461538459 0.26017094017094 0.05999999999999993 0.05829059829059824
0.030244352236053446 0.01364684186260949 0.04854771784232362 0.1345320424158597 0.015537113877362832 0.019179345320424153 0.09571230982019348 0.0078377132319041 0.23407100046104162 0.09686491470723826 0.0992623328722913 0.04555094513600736 0.03208852005532501 0.10945136007376655 0.01747349008759796
0.0472222222222222 0.02478632478632476 0.02414529914529913 0.02478632478632476 0.03525641025641022 0.029700854700854665 0.0331196581196581 0.05128205128205122 0.25448717948717936 0.13888888888888884 0.12179487179487175 0.04123931623931622 0.04059829059829056 0.02200854700854699 0.11068376068376068
0.06694444444444438 0.09749999999999999 0.06972222222222224 0.03833333333333328 0.11527777777777772 0.04055555555555552 0.13416666666666666 0.03555555555555551 0.08527777777777777 0.06305555555555556 0.03916666666666662 0.03444444444444438 0.09916666666666668 0.03194444444444439 0.048888888888888864
0.0412345679012345 0.0474074074074074 0.20740740740740715 0.04345679012345676 0.06222222222222218 0.0622222222222222 0.07185185185185188 0.03876543209876538 0.03432098765432094 0.04246913580246911 0.04666666666666664 0.046419753086419706 0.11358024691358017 0.027160493827160456 0.11481481481481469
0.042105263157894784 0.024366471734892817 0.026900584795321657 0.03684210526315792 0.022417153996101398 0.11949317738791428 0.03411306042884994 0.13547758284600384 0.022417153996101398 0.02982456140350881 0.02183235867446397 0.38479532163742686 0.05653021442495129 0.022027290448343107 0.020857699805068252
0.03205828779599267 0.09326047358834251 0.08087431693989074 0.03861566484517301 0.028415300546448075 0.03515482695810561 0.06939890710382512 0.0943533697632058 0.024954462659380693 0.05828779599271403 0.025683060109289623 0.23989071038251367 0.08324225865209468 0.022404371584699472 0.07340619307832423
0.03606557377049177 0.23679417122040075 0.05646630236794166 0.05664845173041891 0.028597449908925314 0.03005464480874314 0.053551912568306 0.04462659380692166 0.0320582877959927 0.1029143897996357 0.027140255009107467 0.02896174863387976 0.1542805100182148 0.021857923497267777 0.08998178506375226
0.02394179894179891 0.06759259259259254 0.21746031746031744 0.04537037037037032 0.03280423280423277 0.0492063492063492 0.09232804232804223 0.11547619047619051 0.09973544973544972 0.04021164021164019 0.03293650793650792 0.02473544973544972 0.04378306878306877 0.06574074074074067 0.048677248677248645
0.03793103448275859 0.045210727969348614 0.3222222222222223 0.0498084291187739 0.05363984674329498 0.052873563218390755 0.045977011494252824 0.040613026819923334 0.05134099616858233 0.06360153256704978 0.04674329501915704 0.04214559386973175 0.05440613026819917 0.043678160919540195 0.0498084291187739
0.018367346938775498 0.1272108843537415 0.029365079365079344 0.042970521541950114 0.03594104308390022 0.07845804988662132 0.09285714285714286 0.11122448979591835 0.01870748299319726 0.08412698412698415 0.028344671201814033 0.09138321995464853 0.07312925170068028 0.07562358276643996 0.09229024943310656
0.042156862745097966 0.04084967320261431 0.08235294117647049 0.0836601307189541 0.05588235294117639 0.033333333333333263 0.1617647058823528 0.04215686274509797 0.049346405228758106 0.052941176470588165 0.07777777777777767 0.06830065359477114 0.11111111111111095 0.03366013071895418 0.06470588235294107
0.045945945945945955 0.08048048048048048 0.04024024024024027 0.038738738738738766 0.07147147147147152 0.07357357357357357 0.09189189189189186 0.058558558558558585 0.1333333333333333 0.07687687687687686 0.05075075075075079 0.03993993993993997 0.06336336336336343 0.03843843843843847 0.09639639639639636
0.033569739952718676 0.11418439716312057 0.03073286052009456 0.039007092198581554 0.08888888888888886 0.05390070921985815 0.037588652482269516 0.10898345153664307 0.044680851063829796 0.10945626477541368 0.03475177304964541 0.12198581560283694 0.052009456264775426 0.030260047281323872 0.10000000000000002
0.035585585585585604 0.08078078078078077 0.06651651651651652 0.09879879879879876 0.12102102102102101 0.04039039039039039 0.10165165165165166 0.01831831831831833 0.03243243243243245 0.1677177177177177 0.05915915915915914 0.027327327327327365 0.04249249249249251 0.08813813813813813 0.019669669669669685
0.09938271604938301 0.02484567901234565 0.02037037037037034 0.05138888888888884 0.052932098765432097 0.07561728395061733 0.04845679012345681 0.16466049382716053 0.027623456790123426 0.02608024691358022 0.019907407407407377 0.1123456790123457 0.18503086419753084 0.061265432098765456 0.030092592592592563
0.03742690058479528 0.03801169590643273 0.10555555555555556 0.0330409356725146 0.10994152046783626 0.041228070175438586 0.06695906432748529 0.04736842105263155 0.17105263157894732 0.040935672514619874 0.06374269005847949 0.06257309941520464 0.11666666666666654 0.0350877192982456 0.0304093567251462
0.053125 0.05 0.06805555555555555 0.050347222222222224 0.07083333333333333 0.09965277777777778 0.06145833333333333 0.06875 0.05763888888888889 0.07326388888888889 0.13020833333333334 0.042708333333333334 0.08229166666666667 0.04756944444444444 0.044097222222222225
0.060101010101010134 0.052020202020202036 0.047474747474747475 0.05000000000000001 0.05101010101010101 0.05050505050505053 0.0545454545454546 0.052525252525252544 0.2505050505050505 0.06565656565656572 0.04898989898989898 0.04898989898989899 0.047474747474747475 0.0494949494949495 0.07070707070707076
0.031163194444444445 0.038975694444444445 0.10625 0.06527777777777778 0.06510416666666667 0.043402777777777776 0.08333333333333333 0.04236111111111111 0.18168402777777778 0.02673611111111111 0.17439236111111112 0.03064236111111111 0.04618055555555556 0.046961805555555555 0.017534722222222222
0.04324324324324323 0.16036036036036033 0.03573573573573578 0.04444444444444448 0.036036036036036063 0.03483483483483486 0.04594594594594596 0.045945945945945955 0.032732732732732764 0.04114114114114117 0.16156156156156157 0.04324324324324331 0.04804804804804807 0.16276276276276266 0.06396396396396403
0.06612021857923499 0.1555555555555555 0.04262295081967211 0.03934426229508194 0.059562841530054624 0.04116575591985424 0.057741347905282216 0.04061930783242255 0.19198542805100177 0.03879781420765026 0.04735883424408012 0.07941712204007283 0.043533697632058256 0.0714025500910747 0.024772313296903468
0.17075163398692805 0.08447712418300643 0.08137254901960778 0.029575163398692768 0.06078431372549014 0.044934640522875754 0.05457516339869276 0.02336601307189539 0.058333333333333265 0.0779411764705882 0.06928104575163394 0.023202614379084933 0.11127450980392158 0.06797385620915022 0.04215686274509799
0.05488888888888888 0.029111111111111126 0.04311111111111114 0.08799999999999995 0.11222222222222222 0.03888888888888891 0.034666666666666686 0.14266666666666664 0.031111111111111135 0.10066666666666663 0.05533333333333333 0.028222222222222242 0.11088888888888881 0.024888888888888905 0.10533333333333329
0.061685823754789225 0.07183908045977012 0.06704980842911883 0.04099616858237547 0.07528735632183911 0.035249042145593844 0.05747126436781613 0.040804597701149414 0.22260536398467456 0.05842911877394638 0.035057471264367805 0.026819923371647476 0.07490421455938702 0.09904214559386976 0.032758620689655155
0.02547008547008544 0.05846153846153839 0.023247863247863224 0.07982905982905976 0.12683760683760667 0.027179487179487143 0.16222222222222213 0.05196581196581192 0.04205128205128204 0.04068376068376065 0.029572649572649552 0.22581196581196555 0.0451282051282051 0.0234188034188034 0.038119658119658076
0.09377777777777783 0.06044444444444449 0.045333333333333364 0.05422222222222226 0.059111111111111156 0.0906666666666667 0.056888888888888926 0.05022222222222226 0.09244444444444448 0.0644444444444445 0.07422222222222227 0.059111111111111156 0.0595555555555556 0.05111111111111115 0.08844444444444452
0.034401709401709356 0.11282051282051278 0.03760683760683756 0.0318376068376068 0.06581196581196574 0.046581196581196554 0.07158119658119652 0.06025641025641019 0.051709401709401664 0.05021367521367516 0.09508547008547001 0.16324786324786325 0.04551282051282047 0.02564102564102562 0.10769230769230768
0.0171023965141612 0.22581699346405212 0.11742919389978203 0.03289760348583875 0.05490196078431367 0.023856209150326768 0.02777777777777774 0.02788671023965139 0.16949891067538103 0.046514161220043565 0.05424836601307185 0.02527233115468407 0.06252723311546834 0.04379084967320258 0.07047930283224395
0.11666666666666675 0.06616161616161624 0.05353535353535355 0.052020202020202036 0.04848484848484848 0.05454545454545456 0.055555555555555594 0.06767676767676774 0.07121212121212127 0.05151515151515154 0.06363636363636369 0.053030303030303046 0.06313131313131322 0.055555555555555566 0.12727272727272737
0.032679738562091463 0.049237472766884505 0.1041394335511981 0.03660130718954245 0.049673202614379026 0.14901960784313706 0.06448801742919384 0.036819172113289715 0.02941176470588233 0.060566448801742855 0.02854030501089323 0.25185185185185155 0.05795206971677553 0.02396514161220041 0.0250544662309368
0.029787234042553217 0.043735224586288424 0.04420803782505911 0.09054373522458628 0.02931442080378251 0.03687943262411348 0.1990543735224587 0.08416075650118199 0.11891252955082741 0.042789598108747044 0.041134751773049656 0.056737588652482275 0.058628841607565 0.08203309692671391 0.042080378250591
0.03888888888888889 0.11875 0.04826388888888889 0.03888888888888889 0.07534722222222222 0.04027777777777778 0.05 0.11527777777777778 0.065625 0.1111111111111111 0.04201388888888889 0.08298611111111111 0.06631944444444444 0.036458333333333336 0.06979166666666667
0.031286549707602314 0.0777777777777777 0.03859649122807017 0.041228070175438586 0.07543859649122803 0.03801169590643274 0.040350877192982436 0.03713450292397659 0.28333333333333327 0.07690058479532158 0.07982456140350873 0.030116959064327493 0.08508771929824557 0.03391812865497075 0.030994152046783605
0.06275720164609057 0.14320987654320988 0.01707818930041154 0.048559670781892994 0.016255144032921828 0.0281893004115226 0.02705761316872427 0.08858024691358021 0.03281893004115225 0.08199588477366253 0.1172839506172839 0.12088477366255136 0.06882716049382716 0.07767489711934156 0.06882716049382716
0.02287581699346402 0.055119825708060934 0.05326797385620913 0.07254901960784307 0.024291938997821335 0.03409586056644876 0.056753812636165524 0.03507625272331152 0.18093681917211313 0.026579520697167732 0.26535947712418306 0.06590413943355113 0.032026143790849636 0.0550108932461873 0.020152505446623073
0.08390804597701142 0.0559386973180076 0.04789272030651336 0.06819923371647503 0.06475095785440609 0.08659003831417625 0.04674329501915705 0.13639846743295023 0.04214559386973177 0.10536398467432953 0.0551724137931034 0.037931034482758585 0.08237547892720304 0.041379310344827544 0.045210727969348635
0.10833333333333325 0.04484126984126984 0.04166666666666664 0.04960317460317459 0.04761904761904757 0.04761904761904761 0.06626984126984123 0.07539682539682535 0.03928571428571427 0.12539682539682537 0.05674603174603169 0.04285714285714285 0.1154761904761905 0.03928571428571426 0.0996031746031745
0.018306878306878285 0.03523809523809519 0.10783068783068772 0.034179894179894164 0.1499470899470898 0.049312169312169286 0.14370370370370358 0.03396825396825392 0.16772486772486753 0.056507936507936445 0.025502645502645475 0.025714285714285696 0.031005291005290973 0.10550264550264539 0.015555555555555546
0.04754521963824294 0.04263565891472872 0.041085271317829505 0.03359173126614991 0.1121447028423774 0.03410852713178299 0.04082687338501295 0.04289405684754526 0.0410852713178295 0.05116279069767447 0.05943152454780368 0.27080103359173124 0.051679586563307546 0.030749354005167994 0.10025839793281666
0.06592592592592592 0.03999999999999997 0.042592592592592585 0.10185185185185176 0.039629629629629605 0.3162962962962962 0.045555555555555495 0.03666666666666665 0.05962962962962962 0.03777777777777777 0.04518518518518518 0.039259259259259244 0.04037037037037037 0.03666666666666665 0.05259259259259259
0.11080669710806704 0.09375951293759512 0.14901065449010661 0.0811263318112633 0.03135464231354644 0.041248097412481 0.04185692541856929 0.022678843226788467 0.04337899543378998 0.08812785388127856 0.04885844748858447 0.035768645357686486 0.10304414003044138 0.07640791476407914 0.03257229832572301
0.03177387914230023 0.034697855750487366 0.04619883040935677 0.0678362573099415 0.11559454191033133 0.11910331384015597 0.0955165692007797 0.041325536062378196 0.22768031189083804 0.030214424951267096 0.050877192982456174 0.03430799220272908 0.049122807017543894 0.022417153996101398 0.033333333333333375
0.08233151183970841 0.031876138433515465 0.02714025500910746 0.02932604735883423 0.030783242258652095 0.09380692167577415 0.0351548269581056 0.07030965391621127 0.029143897996357002 0.03497267759562839 0.10746812386156648 0.11967213114754098 0.21183970856102008 0.06520947176684884 0.03096539162112932
0.03986928104575156 0.07973856209150314 0.04084967320261431 0.042810457516339794 0.14509803921568606 0.03431372549019601 0.04575163398692802 0.033986928104575105 0.23431372549019597 0.09705882352941166 0.037581699346405165 0.03660130718954241 0.04117647058823523 0.03921568627450973 0.05163398692810448
0.06398467432950186 0.06666666666666665 0.04789272030651338 0.05363984674329498 0.19348659003831423 0.040996168582375446 0.050574712643678126 0.05747126436781604 0.04942528735632179 0.10268199233716482 0.06091954022988504 0.04597701149425282 0.05440613026819916 0.0494252873563218 0.06245210727969345
0.03405797101449281 0.07608695652173912 0.048067632850241564 0.05603864734299517 0.07391304347826087 0.06545893719806763 0.06328502415458939 0.0816425120772947 0.05942028985507252 0.1304347826086956 0.05096618357487921 0.035024154589372025 0.10289855072463767 0.03526570048309183 0.0874396135265701
0.033611111111111064 0.10972222222222225 0.06694444444444447 0.04527777777777775 0.05611111111111109 0.0430555555555555 0.05166666666666667 0.031388888888888834 0.03138888888888885 0.10444444444444442 0.038611111111111075 0.23611111111111108 0.08305555555555558 0.03944444444444442 0.02916666666666662
0.028427128427128405 0.03520923520923518 0.01919191919191916 0.04025974025974025 0.20851370851370854 0.04733044733044733 0.22106782106782116 0.058152958152958095 0.025396825396825355 0.08989898989898987 0.05007215007215005 0.030735930735930703 0.058441558441558426 0.054256854256854226 0.03304473304473301
0.036363636363636334 0.12457912457912461 0.04882154882154879 0.07340067340067334 0.07138047138047134 0.03939393939393936 0.11952861952861951 0.05454545454545451 0.03771043771043769 0.06666666666666662 0.03838383838383835 0.04107744107744105 0.06498316498316493 0.03367003367003364 0.14949494949494957
0.04014336917562721 0.12688172043010756 0.05017921146953402 0.048028673835125414 0.11039426523297485 0.03548387096774191 0.04301075268817201 0.03297491039426521 0.06810035842293902 0.053405017921146915 0.06738351254480282 0.05232974910394263 0.055555555555555525 0.03369175627240141 0.18243727598566314
0.04098360655737699 0.057012750455373365 0.0225865209471767 0.031147540983606524 0.061020036429872436 0.03734061930783242 0.11329690346083791 0.14262295081967202 0.030965391621129316 0.13296903460837892 0.05136612021857921 0.06867030965391614 0.03825136612021854 0.09927140255009106 0.07249544626593807
0.05555555555555548 0.044814814814814814 0.055925925925925914 0.04222222222222222 0.1129629629629629 0.06370370370370372 0.052962962962962955 0.05814814814814811 0.03851851851851851 0.0959259259259259 0.056296296296296254 0.07296296296296294 0.15777777777777763 0.05444444444444443 0.03777777777777776
0.045161290322580615 0.04946236559139783 0.05949820788530462 0.050896057347670214 0.13046594982078855 0.06093189964157702 0.054480286738351216 0.07813620071684582 0.04086021505376341 0.06845878136200713 0.05555555555555552 0.04014336917562721 0.08745519713261643 0.04014336917562721 0.13835125448028676
0.037275985663082406 0.061648745519713215 0.04695340501792111 0.055913978494623616 0.050896057347670214 0.05232974910394261 0.047670250896057316 0.03655913978494621 0.05161290322580642 0.16164874551971334 0.03835125448028671 0.03476702508960571 0.1232974910394266 0.035842293906810006 0.16523297491039443
0.05985663082437272 0.05125448028673832 0.05268817204301072 0.04121863799283151 0.1100358422939068 0.04301075268817201 0.04408602150537631 0.058781362007168415 0.09175627240143364 0.054838709677419314 0.13512544802867393 0.06451612903225802 0.03799283154121861 0.04050179211469531 0.11433691756272402
0.033555555555555575 0.042888888888888914 0.02711111111111113 0.029777777777777795 0.028444444444444463 0.07644444444444443 0.056222222222222215 0.036444444444444474 0.022444444444444458 0.0582222222222222 0.31511111111111123 0.04800000000000002 0.0975555555555555 0.02888888888888891 0.09888888888888883
0.03099415204678362 0.054970760233918094 0.0374269005847953 0.03274853801169589 0.12953216374269 0.037426900584795336 0.03976608187134501 0.02894736842105263 0.30292397660818693 0.05 0.12134502923976602 0.030409356725146195 0.035087719298245605 0.030701754385964897 0.03771929824561404
0.03385012919896644 0.0767441860465117 0.036175710594315284 0.05064599483204139 0.06330749354005175 0.03307493540051683 0.10206718346253241 0.04366925064599488 0.036692506459948364 0.05426356589147292 0.1793281653746772 0.04754521963824294 0.07648578811369516 0.09043927648578821 0.07571059431524556
0.03902439024390247 0.07655826558265577 0.021815718157181585 0.020460704607046083 0.07750677506775065 0.1860433604336043 0.04010840108401086 0.2149051490514904 0.05880758807588074 0.027371273712737145 0.04024390243902442 0.033062330623306255 0.05406504065040653 0.047831978319783204 0.062195121951219505
0.16185185185185189 0.030185185185185162 0.03259259259259258 0.029629629629629613 0.022407407407407397 0.062037037037037016 0.03777777777777775 0.09499999999999995 0.14444444444444443 0.05037037037037037 0.05574074074074072 0.0722222222222222 0.05611111111111107 0.12388888888888891 0.025740740740740734
0.019251925192519264 0.03025302530253027 0.41815181518151806 0.019911991199119926 0.027722772277227744 0.026842684268426863 0.029702970297029726 0.054345434543454384 0.030803080308030827 0.03025302530253027 0.033663366336633686 0.02981298129812983 0.10429042904290428 0.11111111111111109 0.033883388338833906
0.2726726726726728 0.03423423423423425 0.036636636636636674 0.09549549549549548 0.05015015015015019 0.0963963963963964 0.04264264264264267 0.054354354354354345 0.042042042042042066 0.04564564564564566 0.03423423423423425 0.04624624624624628 0.03363363363363366 0.03753753753753756 0.07807807807807804
0.07422222222222205 0.034666666666666686 0.0644444444444444 0.08222222222222215 0.027555555555555576 0.14577777777777773 0.036000000000000025 0.1415555555555555 0.03088888888888891 0.04066666666666669 0.05155555555555555 0.02955555555555557 0.13333333333333336 0.07977777777777771 0.027777777777777794
0.06111111111111111 0.04618055555555556 0.078125 0.04583333333333333 0.07673611111111112 0.0625 0.03923611111111111 0.04618055555555556 0.17430555555555555 0.08229166666666667 0.04097222222222222 0.03576388888888889 0.03923611111111111 0.03854166666666667 0.1329861111111111
0.055357142857142855 0.03670634920634919 0.2011904761904762 0.06130952380952379 0.10099206349206344 0.051984126984126966 0.09900793650793646 0.0488095238095238 0.1125 0.05119047619047617 0.034722222222222196 0.04861111111111109 0.0339285714285714 0.035515873015873 0.028174603174603147
0.030409356725146195 0.05321637426900583 0.04210526315789472 0.04970760233918123 0.14122807017543845 0.1187134502923976 0.1532163742690057 0.05614035087719293 0.045906432748537986 0.061695906432748505 0.05994152046783623 0.05146198830409353 0.035380116959064324 0.03450292397660817 0.06637426900584792
0.055555555555555566 0.04953703703703701 0.04490740740740736 0.05462962962962961 0.04861111111111107 0.112962962962963 0.048611111111111084 0.16064814814814812 0.04398148148148143 0.0615740740740741 0.05231481481481477 0.0430555555555555 0.06851851851851853 0.04861111111111107 0.10648148148148145
0.0355555555555555 0.17833333333333343 0.03444444444444439 0.03305555555555552 0.046111111111111096 0.04833333333333331 0.043055555555555514 0.04583333333333328 0.12277777777777775 0.11111111111111109 0.10166666666666667 0.029444444444444405 0.09611111111111113 0.03222222222222218 0.0419444444444444
0.04675925925925923 0.06018518518518518 0.04351851851851847 0.07222222222222224 0.21435185185185188 0.044907407407407354 0.07777777777777777 0.045370370370370325 0.07083333333333335 0.08379629629629631 0.053240740740740734 0.04675925925925923 0.046759259259259216 0.04398148148148143 0.049537037037037004
0.04980842911877386 0.07547892720306512 0.05095785440613024 0.039463601532567005 0.12068965517241392 0.06283524904214553 0.049808429118773895 0.04022988505747123 0.24750957854406141 0.052107279693486545 0.040613026819923306 0.04176245210727968 0.05249042145593864 0.038314176245210704 0.03793103448275858
0.026530612244897948 0.3126984126984127 0.08117913832199544 0.03038548752834466 0.029931972789115635 0.04126984126984124 0.03424036281179135 0.030612244897959155 0.04353741496598636 0.16122448979591844 0.030839002267573686 0.03514739229024939 0.0648526077097505 0.028798185941043063 0.04875283446712016
0.048299319727891116 0.03197278911564623 0.028344671201814043 0.04013605442176867 0.05306122448979586 0.037188208616780016 0.06734693877551018 0.06757369614512468 0.02925170068027209 0.15714285714285722 0.02902494331065757 0.04716553287981855 0.14172335600907032 0.026530612244897965 0.1952380952380953
0.06447187928669415 0.05404663923182441 0.1111111111111111 0.05775034293552817 0.0821673525377229 0.06255144032921815 0.051440329218107005 0.01961591220850483 0.021536351165980818 0.030452674897119378 0.03621399176954735 0.2559670781893005 0.11646090534979425 0.018381344307270252 0.017832647462277123
0.030769230769230715 0.1458689458689457 0.05498575498575492 0.06695156695156687 0.07094017094017087 0.06011396011396006 0.05612535612535605 0.05270655270655264 0.04843304843304839 0.03418803418803416 0.04843304843304838 0.06125356125356119 0.04444444444444439 0.030199430199430152 0.19458689458689438
0.03618233618233612 0.05925925925925918 0.03162393162393157 0.0293447293447293 0.059829059829059755 0.03447293447293443 0.08062678062678051 0.07663817663817653 0.08774928774928767 0.06552706552706548 0.29202279202279174 0.03190883190883186 0.04358974358974354 0.02706552706552702 0.044159544159544116
0.03800000000000003 0.06044444444444444 0.031111111111111135 0.04600000000000001 0.035777777777777804 0.04133333333333336 0.04666666666666669 0.158 0.05488888888888889 0.21288888888888888 0.034666666666666686 0.05377777777777778 0.07511111111111107 0.07288888888888882 0.03844444444444447
0.031189083820662815 0.03781676413255366 0.030994152046783664 0.023586744639376257 0.0516569200779727 0.026705653021442535 0.061403508771929786 0.04580896686159848 0.25692007797270955 0.12884990253411305 0.10740740740740737 0.047173489278752465 0.0407407407407408 0.019298245614035127 0.09044834307992201
0.05144032921810702 0.05144032921810707 0.039506172839506214 0.04691358024691362 0.04320987654320994 0.21028806584362145 0.04320987654320992 0.07942386831275719 0.045267489711934186 0.05061728395061732 0.0526748971193416 0.05061728395061731 0.05884773662551445 0.0452674897119342 0.13127572016460906
0.05537190082644631 0.08686868686868689 0.05693296602387511 0.02332415059687786 0.047566574839302114 0.023599632690541765 0.057024793388429765 0.02901744719926537 0.2865932047750231 0.04793388429752066 0.17089072543618006 0.020293847566574826 0.025803489439853073 0.018916437098255263 0.049862258953168016
0.051781970649895315 0.04171907756813424 0.026624737945492694 0.08553459119496862 0.09622641509433971 0.12348008385744234 0.07127882599580723 0.0572327044025158 0.055555555555555615 0.0930817610062894 0.03899371069182395 0.11006289308176107 0.05890985324947596 0.03396226415094344 0.05555555555555562
0.1675213675213673 0.05179487179487176 0.02683760683760681 0.16376068376068356 0.04034188034188029 0.04307692307692304 0.04239316239316238 0.05025641025641023 0.06051282051282047 0.07675213675213671 0.03264957264957263 0.029401709401709376 0.10564102564102557 0.08358974358974353 0.02547008547008545
0.039999999999999925 0.13619047619047603 0.06444444444444436 0.036190476190476134 0.0857142857142856 0.05269841269841264 0.15523809523809506 0.05365079365079356 0.030793650793650734 0.06317460317460309 0.044126984126984056 0.07428571428571418 0.08888888888888882 0.032063492063492 0.042539682539682475
0.041750841750841726 0.06666666666666662 0.16397306397306402 0.04478114478114475 0.037373737373737344 0.08181818181818176 0.08249158249158244 0.10336700336700336 0.04949494949494946 0.045117845117845085 0.0993265993265993 0.04309764309764307 0.06161616161616158 0.03468013468013465 0.04444444444444441
0.05252525252525254 0.05050505050505052 0.05101010101010102 0.04797979797979797 0.053535353535353554 0.05000000000000001 0.058585858585858665 0.1106060606060607 0.22272727272727275 0.04848484848484849 0.055050505050505086 0.04797979797979798 0.05 0.04797979797979798 0.05303030303030306
0.02318840579710145 0.08115942028985519 0.04766505636070857 0.05136876006441225 0.28582930756843805 0.05668276972624802 0.07616747181964577 0.027053140096618383 0.03268921095008054 0.06070853462157813 0.029468599033816448 0.027697262479871195 0.04106280193236719 0.024154589371980686 0.13510466988727857
0.03872053872053874 0.16240179573512906 0.14085297418630752 0.03524130190796857 0.027048260381593688 0.024017957351290673 0.04736251402918068 0.13086419753086415 0.06969696969696966 0.046464646464646465 0.09315375982042642 0.01638608305274971 0.08058361391694722 0.04747474747474744 0.039730639730639714
0.03682539682539675 0.053968253968253874 0.11523809523809513 0.034920634920634866 0.06317460317460309 0.04412698412698406 0.07174603174603165 0.03460317460317453 0.2295238095238093 0.05841269841269833 0.0542857142857142 0.037777777777777716 0.04571428571428566 0.040952380952380886 0.07873015873015862
0.0159722222222222 0.04722222222222222 0.016666666666666653 0.2501984126984127 0.05634920634920634 0.03293650793650793 0.07956349206349207 0.01974206349206348 0.0365079365079365 0.03462301587301587 0.024900793650793635 0.05327380952380953 0.05724206349206351 0.21388888888888893 0.06091269841269842
0.03526077097505668 0.0284580498866213 0.04501133786848072 0.05430839002267573 0.18775510204081627 0.06405895691609978 0.09807256235827663 0.07346938775510209 0.0377551020408163 0.063265306122449 0.06394557823129253 0.05238095238095238 0.12687074829931977 0.016099773242630382 0.05328798185941043
0.05370370370370369 0.1868055555555555 0.15578703703703706 0.04421296296296296 0.038657407407407404 0.0247685185185185 0.03773148148148149 0.024305555555555542 0.027777777777777783 0.07638888888888888 0.0847222222222222 0.027314814814814826 0.11365740740740744 0.02314814814814813 0.08101851851851848
0.04414814814814821 0.0357037037037037 0.09777777777777778 0.0402962962962963 0.10829629629629633 0.059555555555555556 0.1881481481481482 0.0805925925925926 0.05259259259259262 0.07125925925925927 0.02592592592592592 0.10711111111111112 0.03985185185185187 0.01985185185185186 0.028888888888888884
0.09652777777777778 0.03680555555555556 0.03611111111111111 0.034027777777777775 0.03680555555555556 0.035416666666666666 0.05625 0.03576388888888889 0.18645833333333334 0.03923611111111111 0.042708333333333334 0.03784722222222222 0.034027777777777775 0.036458333333333336 0.25555555555555554
0.01346801346801346 0.11355218855218863 0.14781144781144787 0.01388888888888888 0.04082491582491585 0.023400673400673394 0.037626262626262647 0.029377104377104373 0.23080808080808077 0.03501683501683502 0.06860269360269364 0.04377104377104379 0.03350168350168353 0.11422558922558923 0.054124579124579145
0.021869488536155165 0.10705467372134023 0.2705467372134036 0.09559082892416221 0.06384479717813044 0.04567901234567895 0.04197530864197527 0.040917107583774204 0.07583774250440908 0.04409171075837737 0.03245149911816576 0.0613756613756613 0.0336860670194003 0.022927689594356225 0.04215167548500877
0.04856902356902361 0.13956228956228955 0.04983164983164986 0.23678451178451174 0.02272727272727271 0.08249158249158252 0.024579124579124575 0.06708754208754211 0.015572390572390564 0.03577441077441079 0.09200336700336703 0.056734006734006755 0.035101010101010105 0.05959595959595961 0.03358585858585861
